    1.000000  0.018808
    2.000000  0.025647
    3.000000  0.052027
    4.000000  0.078652
    5.000000  0.094040
    6.000000  0.116756
    7.000000  0.136541
    8.000000  0.150953
    9.000000  0.164631
   10.000000  0.161944
   11.000000  0.197118
   12.000000  0.229116
   13.000000  0.263068
   14.000000  0.293845
   15.000000  0.329751
   16.000000  0.343918
   17.000000  0.363703
   18.000000  0.381290
   19.000000  0.383244
   20.000000  0.397899
   21.000000  0.414021
   22.000000  0.431119
   23.000000  0.407181
   24.000000  0.422570
   25.000000  0.438202
   26.000000  0.443332
   27.000000  0.433806
   28.000000  0.451148
   29.000000  0.455300
   30.000000  0.437469
   31.000000  0.430386
   32.000000  0.462384
   33.000000  0.460674
   34.000000  0.475818
   35.000000  0.481192
   36.000000  0.470689
   37.000000  0.483390
   38.000000  0.483879
   39.000000  0.491451
   40.000000  0.478994
   41.000000  0.458476
   42.000000  0.448950
   43.000000  0.464094
   44.000000  0.477284
   45.000000  0.470933
   46.000000  0.490230
   47.000000  0.467025
   48.000000  0.471422
   49.000000  0.478017
   50.000000  0.474597
   51.000000  0.482169
   52.000000  0.473376
   53.000000  0.467758
   54.000000  0.466536
   55.000000  0.466048
   56.000000  0.447728
   57.000000  0.438691
   58.000000  0.451392
   59.000000  0.454323
   60.000000  0.449438
   61.000000  0.438935
   62.000000  0.441378
   63.000000  0.411822
   64.000000  0.444309
   65.000000  0.440156
   66.000000  0.431851
   67.000000  0.424279
   68.000000  0.421104
   69.000000  0.410601
   70.000000  0.338788
   71.000000  0.340010
   72.000000  0.368588
   73.000000  0.371275
   74.000000  0.370298
   75.000000  0.380313
   76.000000  0.373718
   77.000000  0.316805
   78.000000  0.291891
   79.000000  0.287494
   80.000000  0.287982
   81.000000  0.316317
   82.000000  0.323889
   83.000000  0.324133
   84.000000  0.325354
   85.000000  0.319248
   86.000000  0.318759
   87.000000  0.180752
   88.000000  0.119687
   89.000000  0.253786
   90.000000  0.288227
   91.000000  0.277235
   92.000000  0.270396
   93.000000  0.264533
   94.000000  0.250366
   95.000000  0.237909
   96.000000  0.237176
   97.000000  0.228139
   98.000000  0.220811
   99.000000  0.209575
  100.000000  0.171715
  101.000000  0.166830
  102.000000  0.164387
  103.000000  0.172447
  104.000000  0.167318
  105.000000  0.177577
  106.000000  0.180752
  107.000000  0.173180
  108.000000  0.171715
  109.000000  0.151930
  110.000000  0.168784
  111.000000  0.157548
  112.000000  0.148754
  113.000000  0.152418
  114.000000  0.143625
  115.000000  0.144358
  116.000000  0.134587
  117.000000  0.135564
  118.000000  0.122618
  119.000000  0.102345
  120.000000  0.084758
  121.000000  0.097460
  122.000000  0.077919
  123.000000  0.077675
  124.000000  0.076209
  125.000000  0.079140
  126.000000  0.070591
  127.000000  0.042013
  128.000000  0.021495
  129.000000  0.031265
  130.000000  0.028823
  131.000000  0.029311
  132.000000  0.028334
  133.000000  0.030288
  134.000000  0.031998
  135.000000  0.036395
  136.000000  0.044944
  137.000000  0.040791
  138.000000  0.039814
  139.000000  0.040059
  140.000000  0.041768
  141.000000  0.039082
  142.000000  0.036883
  143.000000  0.034685
  144.000000  0.030044
  145.000000  0.029555
  146.000000  0.026136
  147.000000  0.024182
  148.000000  0.023205
  149.000000  0.020029
  150.000000  0.019297
