    1.000000  0.016439
    2.000000  0.021890
    3.000000  0.042519
    4.000000  0.062443
    5.000000  0.079050
    6.000000  0.099149
    7.000000  0.113922
    8.000000  0.127027
    9.000000  0.138154
   10.000000  0.130161
   11.000000  0.165020
   12.000000  0.186671
   13.000000  0.216689
   14.000000  0.242504
   15.000000  0.271682
   16.000000  0.280706
   17.000000  0.297972
   18.000000  0.310207
   19.000000  0.317027
   20.000000  0.328253
   21.000000  0.346410
   22.000000  0.358382
   23.000000  0.334793
   24.000000  0.346646
   25.000000  0.362449
   26.000000  0.366707
   27.000000  0.358573
   28.000000  0.374400
   29.000000  0.377573
   30.000000  0.361871
   31.000000  0.357137
   32.000000  0.384319
   33.000000  0.386196
   34.000000  0.401199
   35.000000  0.408812
   36.000000  0.397541
   37.000000  0.412483
   38.000000  0.412266
   39.000000  0.421734
   40.000000  0.412194
   41.000000  0.395641
   42.000000  0.389044
   43.000000  0.407252
   44.000000  0.421772
   45.000000  0.414683
   46.000000  0.423383
   47.000000  0.410794
   48.000000  0.417402
   49.000000  0.423697
   50.000000  0.420025
   51.000000  0.422501
   52.000000  0.419007
   53.000000  0.417328
   54.000000  0.411613
   55.000000  0.417803
   56.000000  0.406088
   57.000000  0.401108
   58.000000  0.409896
   59.000000  0.405180
   60.000000  0.402356
   61.000000  0.396473
   62.000000  0.396847
   63.000000  0.368230
   64.000000  0.397935
   65.000000  0.395545
   66.000000  0.389467
   67.000000  0.385454
   68.000000  0.378751
   69.000000  0.368935
   70.000000  0.325904
   71.000000  0.327605
   72.000000  0.352616
   73.000000  0.357845
   74.000000  0.364883
   75.000000  0.376900
   76.000000  0.374356
   77.000000  0.340114
   78.000000  0.324190
   79.000000  0.324713
   80.000000  0.328084
   81.000000  0.351944
   82.000000  0.358490
   83.000000  0.361033
   84.000000  0.367837
   85.000000  0.361555
   86.000000  0.361522
   87.000000  0.220601
   88.000000  0.172074
   89.000000  0.305210
   90.000000  0.336256
   91.000000  0.328380
   92.000000  0.320000
   93.000000  0.313967
   94.000000  0.299732
   95.000000  0.290118
   96.000000  0.288522
   97.000000  0.281830
   98.000000  0.273822
   99.000000  0.261100
  100.000000  0.227204
  101.000000  0.223272
  102.000000  0.216241
  103.000000  0.225303
  104.000000  0.216398
  105.000000  0.229190
  106.000000  0.227552
  107.000000  0.224037
  108.000000  0.221563
  109.000000  0.197910
  110.000000  0.218047
  111.000000  0.201810
  112.000000  0.191233
  113.000000  0.193151
  114.000000  0.189090
  115.000000  0.188151
  116.000000  0.176508
  117.000000  0.175091
  118.000000  0.158603
  119.000000  0.140791
  120.000000  0.122442
  121.000000  0.136424
  122.000000  0.115465
  123.000000  0.113790
  124.000000  0.109707
  125.000000  0.109120
  126.000000  0.099548
  127.000000  0.069663
  128.000000  0.045039
  129.000000  0.058009
  130.000000  0.051482
  131.000000  0.050584
  132.000000  0.048657
  133.000000  0.050436
  134.000000  0.051593
  135.000000  0.054747
  136.000000  0.060027
  137.000000  0.056814
  138.000000  0.055491
  139.000000  0.052238
  140.000000  0.055561
  141.000000  0.050037
  142.000000  0.047296
  143.000000  0.042264
  144.000000  0.037430
  145.000000  0.037781
  146.000000  0.033046
  147.000000  0.030677
  148.000000  0.028214
  149.000000  0.024317
  150.000000  0.022232
