    1.000000  0.009314
    2.000000  0.013480
    3.000000  0.028676
    4.000000  0.042402
    5.000000  0.049755
    6.000000  0.060784
    7.000000  0.068382
    8.000000  0.074020
    9.000000  0.077696
   10.000000  0.075245
   11.000000  0.089216
   12.000000  0.100490
   13.000000  0.114706
   14.000000  0.120833
   15.000000  0.136029
   16.000000  0.137010
   17.000000  0.142647
   18.000000  0.145833
   19.000000  0.145343
   20.000000  0.148039
   21.000000  0.149755
   22.000000  0.152941
   23.000000  0.140686
   24.000000  0.144118
   25.000000  0.147304
   26.000000  0.146814
   27.000000  0.139706
   28.000000  0.143873
   29.000000  0.141912
   30.000000  0.134314
   31.000000  0.129902
   32.000000  0.137010
   33.000000  0.134804
   34.000000  0.138725
   35.000000  0.136275
   36.000000  0.132598
   37.000000  0.134804
   38.000000  0.133333
   39.000000  0.133333
   40.000000  0.130392
   41.000000  0.125000
   42.000000  0.121569
   43.000000  0.122794
   44.000000  0.125735
   45.000000  0.124510
   46.000000  0.127696
   47.000000  0.124510
   48.000000  0.126471
   49.000000  0.126471
   50.000000  0.124265
   51.000000  0.125000
   52.000000  0.123529
   53.000000  0.122549
   54.000000  0.122059
   55.000000  0.123775
   56.000000  0.118873
   57.000000  0.117892
   58.000000  0.120588
   59.000000  0.123284
   60.000000  0.123529
   61.000000  0.122304
   62.000000  0.124020
   63.000000  0.115931
   64.000000  0.123775
   65.000000  0.123775
   66.000000  0.122549
   67.000000  0.122794
   68.000000  0.120098
   69.000000  0.120343
   70.000000  0.102206
   71.000000  0.103922
   72.000000  0.120588
   73.000000  0.121078
   74.000000  0.125490
   75.000000  0.129412
   76.000000  0.128186
   77.000000  0.122549
   78.000000  0.120098
   79.000000  0.120098
   80.000000  0.120588
   81.000000  0.125000
   82.000000  0.124020
   83.000000  0.125245
   84.000000  0.125980
   85.000000  0.126716
   86.000000  0.126225
   87.000000  0.072059
   88.000000  0.046569
   89.000000  0.104412
   90.000000  0.118873
   91.000000  0.118382
   92.000000  0.116912
   93.000000  0.116667
   94.000000  0.113480
   95.000000  0.109559
   96.000000  0.110294
   97.000000  0.108088
   98.000000  0.106863
   99.000000  0.103676
  100.000000  0.096569
  101.000000  0.094608
  102.000000  0.090686
  103.000000  0.095098
  104.000000  0.091667
  105.000000  0.095098
  106.000000  0.094363
  107.000000  0.091912
  108.000000  0.091667
  109.000000  0.081863
  110.000000  0.089461
  111.000000  0.086029
  112.000000  0.081618
  113.000000  0.083578
  114.000000  0.081127
  115.000000  0.081373
  116.000000  0.077451
  117.000000  0.077206
  118.000000  0.072794
  119.000000  0.068382
  120.000000  0.059314
  121.000000  0.063971
  122.000000  0.055637
  123.000000  0.056127
  124.000000  0.054412
  125.000000  0.053186
  126.000000  0.049755
  127.000000  0.039951
  128.000000  0.028186
  129.000000  0.031863
  130.000000  0.029657
  131.000000  0.030147
  132.000000  0.029902
  133.000000  0.030637
  134.000000  0.029412
  135.000000  0.030147
  136.000000  0.031373
  137.000000  0.029412
  138.000000  0.027696
  139.000000  0.026716
  140.000000  0.026961
  141.000000  0.023284
  142.000000  0.023284
  143.000000  0.021569
  144.000000  0.018627
  145.000000  0.018873
  146.000000  0.015686
  147.000000  0.014951
  148.000000  0.014216
  149.000000  0.011765
  150.000000  0.011029
