    1.000000  0.010856
    2.000000  0.015935
    3.000000  0.031954
    4.000000  0.049238
    5.000000  0.054378
    6.000000  0.069529
    7.000000  0.076143
    8.000000  0.083134
    9.000000  0.089088
   10.000000  0.083826
   11.000000  0.100451
   12.000000  0.113017
   13.000000  0.125633
   14.000000  0.134524
   15.000000  0.149567
   16.000000  0.150536
   17.000000  0.157908
   18.000000  0.160813
   19.000000  0.160287
   20.000000  0.163684
   21.000000  0.166938
   22.000000  0.170852
   23.000000  0.154501
   24.000000  0.159392
   25.000000  0.162043
   26.000000  0.162132
   27.000000  0.155709
   28.000000  0.157550
   29.000000  0.157735
   30.000000  0.144362
   31.000000  0.140753
   32.000000  0.148581
   33.000000  0.145125
   34.000000  0.148096
   35.000000  0.147499
   36.000000  0.142733
   37.000000  0.145219
   38.000000  0.142485
   39.000000  0.142763
   40.000000  0.136589
   41.000000  0.129989
   42.000000  0.128107
   43.000000  0.128804
   44.000000  0.131968
   45.000000  0.129874
   46.000000  0.134031
   47.000000  0.127569
   48.000000  0.127137
   49.000000  0.125978
   50.000000  0.124298
   51.000000  0.122944
   52.000000  0.122149
   53.000000  0.120111
   54.000000  0.120088
   55.000000  0.120653
   56.000000  0.115037
   57.000000  0.113891
   58.000000  0.115464
   59.000000  0.116744
   60.000000  0.117142
   61.000000  0.114728
   62.000000  0.115739
   63.000000  0.108105
   64.000000  0.114914
   65.000000  0.113534
   66.000000  0.110646
   67.000000  0.110676
   68.000000  0.109090
   69.000000  0.105389
   70.000000  0.090280
   71.000000  0.090686
   72.000000  0.103376
   73.000000  0.105645
   74.000000  0.107810
   75.000000  0.110645
   76.000000  0.108968
   77.000000  0.097725
   78.000000  0.091707
   79.000000  0.091620
   80.000000  0.092759
   81.000000  0.099557
   82.000000  0.099048
   83.000000  0.102151
   84.000000  0.103136
   85.000000  0.099734
   86.000000  0.100622
   87.000000  0.059721
   88.000000  0.038497
   89.000000  0.086565
   90.000000  0.096895
   91.000000  0.093487
   92.000000  0.092353
   93.000000  0.091776
   94.000000  0.088043
   95.000000  0.084277
   96.000000  0.083867
   97.000000  0.083269
   98.000000  0.082369
   99.000000  0.079395
  100.000000  0.067686
  101.000000  0.065286
  102.000000  0.064536
  103.000000  0.067685
  104.000000  0.067946
  105.000000  0.070576
  106.000000  0.069375
  107.000000  0.068376
  108.000000  0.068474
  109.000000  0.060000
  110.000000  0.069031
  111.000000  0.064552
  112.000000  0.059511
  113.000000  0.059577
  114.000000  0.058606
  115.000000  0.059573
  116.000000  0.056496
  117.000000  0.056827
  118.000000  0.050346
  119.000000  0.044170
  120.000000  0.038546
  121.000000  0.042259
  122.000000  0.036237
  123.000000  0.034378
  124.000000  0.035882
  125.000000  0.036118
  126.000000  0.032585
  127.000000  0.020893
  128.000000  0.011735
  129.000000  0.015594
  130.000000  0.016030
  131.000000  0.015130
  132.000000  0.014687
  133.000000  0.014914
  134.000000  0.017350
  135.000000  0.017449
  136.000000  0.020047
  137.000000  0.017045
  138.000000  0.019038
  139.000000  0.020297
  140.000000  0.019456
  141.000000  0.015111
  142.000000  0.017103
  143.000000  0.015257
  144.000000  0.014280
  145.000000  0.013351
  146.000000  0.011644
  147.000000  0.011010
  148.000000  0.013261
  149.000000  0.007937
  150.000000  0.010170
