    1.000000  0.008059
    2.000000  0.013490
    3.000000  0.027757
    4.000000  0.042632
    5.000000  0.046637
    6.000000  0.058701
    7.000000  0.066530
    8.000000  0.073454
    9.000000  0.076132
   10.000000  0.074458
   11.000000  0.090031
   12.000000  0.101801
   13.000000  0.113515
   14.000000  0.124689
   15.000000  0.139438
   16.000000  0.144563
   17.000000  0.151294
   18.000000  0.156849
   19.000000  0.158653
   20.000000  0.161336
   21.000000  0.167172
   22.000000  0.170685
   23.000000  0.159465
   24.000000  0.162264
   25.000000  0.167434
   26.000000  0.169922
   27.000000  0.163705
   28.000000  0.169696
   29.000000  0.170920
   30.000000  0.161764
   31.000000  0.160163
   32.000000  0.175696
   33.000000  0.171895
   34.000000  0.180679
   35.000000  0.181112
   36.000000  0.177741
   37.000000  0.184635
   38.000000  0.183552
   39.000000  0.187400
   40.000000  0.180960
   41.000000  0.173403
   42.000000  0.169943
   43.000000  0.171130
   44.000000  0.176781
   45.000000  0.170287
   46.000000  0.169957
   47.000000  0.157436
   48.000000  0.154319
   49.000000  0.148533
   50.000000  0.143312
   51.000000  0.139605
   52.000000  0.134749
   53.000000  0.129433
   54.000000  0.134758
   55.000000  0.127117
   56.000000  0.123708
   57.000000  0.120388
   58.000000  0.117245
   59.000000  0.117126
   60.000000  0.114757
   61.000000  0.109022
   62.000000  0.109840
   63.000000  0.100028
   64.000000  0.101576
   65.000000  0.097515
   66.000000  0.091708
   67.000000  0.093325
   68.000000  0.087146
   69.000000  0.085292
   70.000000  0.075159
   71.000000  0.077780
   72.000000  0.085480
   73.000000  0.088538
   74.000000  0.088549
   75.000000  0.092223
   76.000000  0.089311
   77.000000  0.077604
   78.000000  0.071531
   79.000000  0.069895
   80.000000  0.070996
   81.000000  0.073177
   82.000000  0.074404
   83.000000  0.075846
   84.000000  0.077992
   85.000000  0.073246
   86.000000  0.073656
   87.000000  0.049015
   88.000000  0.038336
   89.000000  0.063567
   90.000000  0.067357
   91.000000  0.064532
   92.000000  0.064312
   93.000000  0.061994
   94.000000  0.059521
   95.000000  0.056508
   96.000000  0.054514
   97.000000  0.055677
   98.000000  0.053317
   99.000000  0.050479
  100.000000  0.042573
  101.000000  0.040824
  102.000000  0.038181
  103.000000  0.038838
  104.000000  0.044750
  105.000000  0.038907
  106.000000  0.038321
  107.000000  0.037426
  108.000000  0.036984
  109.000000  0.034480
  110.000000  0.038607
  111.000000  0.034222
  112.000000  0.030699
  113.000000  0.030061
  114.000000  0.029019
  115.000000  0.029855
  116.000000  0.027491
  117.000000  0.027748
  118.000000  0.022216
  119.000000  0.019275
  120.000000  0.016547
  121.000000  0.021108
  122.000000  0.016960
  123.000000  0.015540
  124.000000  0.016829
  125.000000  0.013919
  126.000000  0.013250
  127.000000  0.006313
  128.000000  0.004743
  129.000000  0.005789
  130.000000  0.006762
  131.000000  0.004579
  132.000000  0.004421
  133.000000  0.005215
  134.000000  0.007956
  135.000000  0.006105
  136.000000  0.007568
  137.000000  0.005804
  138.000000  0.007477
  139.000000  0.009074
  140.000000  0.008724
  141.000000  0.006365
  142.000000  0.007353
  143.000000  0.005887
  144.000000  0.006590
  145.000000  0.006136
  146.000000  0.005281
  147.000000  0.003541
  148.000000  0.007714
  149.000000  0.002495
  150.000000  0.004543
