    1.000000  0.013923
    2.000000  0.019297
    3.000000  0.040303
    4.000000  0.059844
    5.000000  0.070103
    6.000000  0.085491
    7.000000  0.096483
    8.000000  0.105032
    9.000000  0.112115
   10.000000  0.108696
   11.000000  0.130435
   12.000000  0.146556
   13.000000  0.165608
   14.000000  0.180508
   15.000000  0.202491
   16.000000  0.203957
   17.000000  0.214216
   18.000000  0.220811
   19.000000  0.218124
   20.000000  0.224963
   21.000000  0.231070
   22.000000  0.235467
   23.000000  0.221055
   24.000000  0.225940
   25.000000  0.230337
   26.000000  0.230581
   27.000000  0.223009
   28.000000  0.230093
   29.000000  0.229116
   30.000000  0.218368
   31.000000  0.213727
   32.000000  0.227650
   33.000000  0.224963
   34.000000  0.228383
   35.000000  0.231803
   36.000000  0.225696
   37.000000  0.228872
   38.000000  0.228383
   39.000000  0.232535
   40.000000  0.225208
   41.000000  0.215681
   42.000000  0.211041
   43.000000  0.216170
   44.000000  0.219834
   45.000000  0.214216
   46.000000  0.217147
   47.000000  0.203713
   48.000000  0.199805
   49.000000  0.195652
   50.000000  0.185149
   51.000000  0.182462
   52.000000  0.175623
   53.000000  0.170738
   54.000000  0.168295
   55.000000  0.165364
   56.000000  0.157303
   57.000000  0.151441
   58.000000  0.153151
   59.000000  0.151930
   60.000000  0.149731
   61.000000  0.143136
   62.000000  0.142404
   63.000000  0.127259
   64.000000  0.131656
   65.000000  0.127748
   66.000000  0.122618
   67.000000  0.117978
   68.000000  0.115779
   69.000000  0.112848
   70.000000  0.096238
   71.000000  0.096971
   72.000000  0.101612
   73.000000  0.099658
   74.000000  0.094773
   75.000000  0.094284
   76.000000  0.085979
   77.000000  0.071568
   78.000000  0.063996
   79.000000  0.059844
   80.000000  0.056180
   81.000000  0.057401
   82.000000  0.055203
   83.000000  0.055203
   84.000000  0.054226
   85.000000  0.053004
   86.000000  0.051539
   87.000000  0.031754
   88.000000  0.022228
   89.000000  0.041036
   90.000000  0.045432
   91.000000  0.043967
   92.000000  0.042013
   93.000000  0.041524
   94.000000  0.039082
   95.000000  0.038105
   96.000000  0.038105
   97.000000  0.036150
   98.000000  0.035662
   99.000000  0.033464
  100.000000  0.027357
  101.000000  0.027357
  102.000000  0.025403
  103.000000  0.025403
  104.000000  0.023693
  105.000000  0.025159
  106.000000  0.023937
  107.000000  0.023205
  108.000000  0.022960
  109.000000  0.020274
  110.000000  0.021006
  111.000000  0.020274
  112.000000  0.018564
  113.000000  0.018564
  114.000000  0.017587
  115.000000  0.017098
  116.000000  0.016365
  117.000000  0.016121
  118.000000  0.014656
  119.000000  0.011480
  120.000000  0.010747
  121.000000  0.012213
  122.000000  0.009526
  123.000000  0.009038
  124.000000  0.008549
  125.000000  0.008061
  126.000000  0.007084
  127.000000  0.004641
  128.000000  0.003908
  129.000000  0.004641
  130.000000  0.003664
  131.000000  0.003664
  132.000000  0.003175
  133.000000  0.003420
  134.000000  0.003664
  135.000000  0.003664
  136.000000  0.004885
  137.000000  0.003664
  138.000000  0.003420
  139.000000  0.003664
  140.000000  0.003175
  141.000000  0.002931
  142.000000  0.002687
  143.000000  0.002443
  144.000000  0.001710
  145.000000  0.002198
  146.000000  0.001710
  147.000000  0.001466
  148.000000  0.001710
  149.000000  0.001221
  150.000000  0.001221
