1	845753	636607
2	812954	643720
3	868217	609046
4	920248	607272
5	841621	639394
6	843907	598777
7	817712	620917
8	865980	632292
9	876539	639944
10	805247	642901
11	829227	565484
12	834679	669557
13	851242	630615
14	890325	702688
15	832159	638667
16	833736	637738
17	778784	571492
18	844489	672382
19	825802	638894
20	875471	622426
21	879225	639387
22	819482	633447
23	818212	633262
24	839324	651033
25	817439	678071
26	876202	600942
27	841025	623927
28	850781	619234
29	754610	657392
30	842733	640979
31	881538	613492
32	804685	671123
33	877083	575129
34	847312	655073
35	827558	623170
36	896258	707205
37	829939	644422
38	880719	597439
39	828313	669762
40	778978	589645
41	832323	624353
42	838906	655174
43	913673	576755
44	875535	587227
45	797487	625675
46	893942	596033
47	770410	662419
48	814804	605047
49	832215	638387
50	840280	643770
51	833327	621905
52	763542	635170
53	825599	608689
54	813209	683512
55	938544	680392
56	834393	656902
57	787129	643393
58	801229	617139
59	886144	566002
60	865073	661021
61	796962	632416
62	822877	612926
63	835985	639514
64	908901	628142
65	807989	610817
66	823816	651852
67	818245	618659
68	827601	640196
69	846830	641704
70	829041	623258
71	858850	714281
72	835967	564514
73	835698	660461
74	843223	632872
75	880916	697241
76	813541	641007
77	913911	586519
78	707529	693451
79	846436	659041
80	865316	690133
81	842837	647272
82	856101	601665
83	822815	616988
84	823364	620870
85	817697	617678
86	822368	648690
87	855476	711703
88	818065	675114
89	843822	686283
90	834396	637625
91	802367	626026
92	774481	694664
93	805075	559992
94	828813	622656
95	841088	641913
96	736868	591803
97	812519	658809
98	847097	610257
99	880136	670834
100	871566	663124
101	835178	647851
102	801113	631728
103	836302	641336
104	865563	600752
105	856184	670732
106	930906	675380
107	787684	612023
108	879210	671905
109	940080	668730
110	812951	619690
111	782647	635710
112	834146	634536
113	825334	626399
114	827880	657944
115	806472	625818
116	813142	634900
117	834478	637224
118	859522	666389
119	812822	650842
120	927475	652500
121	830057	593423
122	852554	687005
123	755212	616702
124	825515	636212
125	841978	583774
126	828956	617518
127	851077	623381
128	847787	616365
129	781111	594759
130	793474	650770
131	849922	659848
132	857555	592525
133	851042	620360
134	801896	668379
135	798422	689889
136	802904	649859
137	833844	679629
138	844117	650340
139	750522	621023
140	835324	635252
141	805810	620656
142	826540	709657
143	821335	650998
144	844114	619755
145	799854	605921
146	835851	659073
147	850049	594729
148	901514	652113
149	826740	617100
150	864116	598962
151	830754	656445
152	816172	642632
153	875320	588946
154	836090	553666
155	944095	704540
156	834141	639092
157	858997	628120
158	819923	617399
159	812780	635276
160	808308	627973
161	868777	586944
162	848355	652762
163	853192	621237
164	769703	672760
165	983609	624193
166	767435	659742
167	795478	653018
168	867257	713816
169	822799	582231
170	795493	623079
171	894097	564130
172	836258	638770
173	725411	693316
174	824187	721313
175	835113	638129
176	874788	594226
177	811045	640408
178	806425	629019
179	817577	599782
180	829553	641233
181	780758	698302
182	835775	635385
183	836176	639066
184	814374	659984
185	787165	670018
186	765298	632123
187	814905	686125
188	830536	651952
189	837750	634132
190	819893	646919
191	803133	663437
192	893841	718071
193	869331	617053
194	847430	623157
195	810547	597362
196	887955	652980
197	856277	650393
198	945668	662295
199	910884	606259
200	823954	581126
201	780635	613287
202	827314	657722
203	874290	682154
204	801009	632553
205	758093	635151
206	834477	615434
207	778438	668842
208	851028	601248
209	847403	680628
210	809226	590160
211	847930	639549
212	831541	638580
213	818121	643361
214	880168	671935
215	815109	645044
216	765957	654001
217	917544	625573
218	783878	625178
219	889986	596630
220	786184	663836
221	918549	595580
222	873325	661718
223	836224	622436
224	881118	595784
225	854502	597915
226	877342	656313
227	849343	644126
228	796153	621598
229	806313	641996
230	847671	637692
231	869123	660870
232	848927	645583
233	800992	654397
234	877837	634860
235	836202	600653
236	803719	688801
237	812864	648497
238	871038	632419
239	848660	637062
240	870340	608506
241	839706	604004
242	773106	587731
243	838636	638170
244	833424	637495
245	803393	632114
246	806771	696582
247	837422	684164
248	808230	615889
249	839817	657140
250	836065	643735
251	832197	640740
252	826449	642156
253	864411	657059
254	859075	596485
255	821763	646463
256	752624	684688
257	761780	639502
258	814196	638101
259	837052	638157
260	897135	678084
261	839617	656945
262	818902	650155
263	840603	639421
264	788208	596833
265	830238	629304
266	961248	667934
267	821180	615439
268	865014	601082
269	812456	609760
270	850548	639470
271	846404	608400
272	844405	710620
273	834271	681372
274	892746	564842
275	832917	653009
276	815156	643108
277	862657	628917
278	736311	562847
279	836640	689624
280	828915	641716
281	827016	648159
282	717529	589445
283	828640	621078
284	825800	639916
285	867216	629792
286	788063	640066
287	804909	659876
288	828224	658191
289	865774	654156
290	831381	628919
291	831414	641690
292	808631	648619
293	789304	619247
294	845460	690530
295	836208	638514
296	868895	604801
297	808291	631630
298	894943	635233
299	864186	639299
300	841314	705207
301	623573	252933
302	551501	163944
303	542414	323445
304	543918	261399
305	569298	222324
306	617516	155138
307	492219	176220
308	599902	344442
309	595923	301961
310	561290	237997
311	557171	300772
312	515461	280908
313	593235	212579
314	599791	239507
315	604067	254704
316	602097	293208
317	528532	271983
318	612097	204266
319	539684	261404
320	490360	160125
321	624439	284325
322	531766	227178
323	564691	253901
324	503485	225519
325	582912	368192
326	570399	302552
327	554412	259217
328	565947	253914
329	544626	261639
330	573542	228366
331	589472	240707
332	621853	235743
333	583727	240847
334	512999	279524
335	590219	205918
336	557291	235283
337	562609	261858
338	573223	256679
339	577033	261125
340	618685	246895
341	563806	242703
342	572797	264895
343	537958	171180
344	564558	251534
345	578430	260413
346	495770	314954
347	551139	304558
348	654533	234925
349	574254	246150
350	546542	224111
351	560338	216298
352	676848	196504
353	562287	210155
354	589172	296436
355	600350	211786
356	531053	241400
357	528764	238969
358	555973	241310
359	543279	201456
360	569679	227969
361	486998	186575
362	493599	274738
363	526990	234634
364	578346	257049
365	579387	214941
366	560117	210841
367	629472	276224
368	565964	245190
369	527110	273244
370	545421	190964
371	560155	172391
372	561378	248389
373	652718	214098
374	577674	230794
375	564281	248028
376	537828	245621
377	559807	248525
378	565040	265155
379	559796	237778
380	567364	284685
381	641053	302784
382	535370	222161
383	491034	294190
384	578789	227708
385	493843	284614
386	577923	208670
387	601465	233213
388	582776	232737
389	597019	238045
390	547708	261848
391	517797	231794
392	557925	315216
393	547397	204912
394	567028	240598
395	573124	241739
396	589736	306268
397	568682	234935
398	655580	263955
399	479452	292158
400	570515	250347
401	558916	242376
402	540452	314834
403	647754	219941
404	566630	249854
405	542945	138182
406	553960	261006
407	569226	276648
408	564946	247303
409	580188	355722
410	526519	171753
411	587283	244407
412	552210	250433
413	611343	258279
414	561853	312878
415	584508	218932
416	569499	258173
417	596805	276457
418	535593	143445
419	541643	260772
420	561550	249062
421	486280	298784
422	500130	217874
423	581491	248451
424	540572	254309
425	587211	212643
426	635603	258029
427	571211	249486
428	557092	237979
429	608511	224883
430	450541	268972
431	662544	262982
432	632742	204460
433	668355	167208
434	560443	253200
435	511472	197858
436	550115	259569
437	515463	270311
438	545539	195363
439	590449	254253
440	570787	246876
441	628713	228930
442	556580	229133
443	593632	266999
444	526382	240215
445	461510	212553
446	550952	216322
447	644419	196985
448	655814	200692
449	576564	168998
450	568570	254388
451	544728	151536
452	552544	258173
453	582510	232791
454	576350	289752
455	595209	248589
456	567870	284151
457	509669	309353
458	557305	245969
459	543639	242836
460	582187	245841
461	561214	239273
462	603094	315792
463	572393	258106
464	563936	163930
465	627272	253882
466	568248	211315
467	454114	291335
468	580020	185292
469	542857	258775
470	536737	275481
471	604791	256206
472	598596	199243
473	536423	156254
474	674097	262961
475	532044	241957
476	542553	222643
477	538243	205298
478	638901	233978
479	513685	127049
480	564828	185324
481	569149	273951
482	516087	229278
483	640460	282399
484	555527	227043
485	490765	271309
486	590339	151183
487	606457	178066
488	565975	287165
489	579551	211325
490	666462	219600
491	571916	294434
492	515494	253115
493	578997	247283
494	583084	269586
495	569736	251512
496	582050	243429
497	637274	267038
498	581758	242967
499	497313	297574
500	601745	230592
501	564593	278352
502	554695	250159
503	619204	203719
504	542873	281338
505	565013	238020
506	612309	248937
507	629933	177081
508	529425	255876
509	601962	303111
510	534272	194510
511	607232	201813
512	617934	213483
513	559992	244251
514	566515	247483
515	581817	347897
516	600735	234314
517	564311	254362
518	564132	239716
519	561656	242624
520	547473	262112
521	509737	204519
522	581769	191909
523	539373	231216
524	558473	234860
525	459924	277087
526	586499	197457
527	586128	243241
528	601985	250442
529	515475	251181
530	580859	243392
531	577874	256023
532	655529	240291
533	553779	243274
534	512392	202849
535	581035	264175
536	635019	226082
537	618233	210833
538	602261	221960
539	584584	235919
540	662479	223092
541	616652	307558
542	590474	215673
543	561055	225512
544	558663	250565
545	595705	316516
546	589593	241270
547	564408	247897
548	547925	232626
549	525888	230875
550	559240	240249
551	570386	231491
552	561177	247456
553	562305	275914
554	568231	233130
555	526274	305191
556	565846	244841
557	564036	255414
558	528877	273151
559	574944	277533
560	612380	276270
561	591223	320663
562	541329	196623
563	577613	280332
564	626744	239346
565	582718	244124
566	591505	233934
567	551312	227570
568	596206	224820
569	580534	268471
570	529314	224370
571	593206	175998
572	558061	254532
573	613366	287092
574	666984	183146
575	565702	254553
576	538772	246049
577	563724	246984
578	623575	196956
579	500592	285439
580	554520	251229
581	573815	259122
582	571703	282834
583	547746	209518
584	532663	169014
585	542244	254907
586	544774	237828
587	548284	298188
588	577315	265541
589	553770	259089
590	537145	284535
591	648244	253375
592	547437	230967
593	603002	245119
594	591147	239033
595	539114	314805
596	576311	252568
597	545197	218960
598	570793	227019
599	672748	143913
600	529094	226356
601	589826	179519
602	560758	250715
603	561914	247616
604	585992	242098
605	458197	305419
606	560666	209489
607	588776	218486
608	513517	230867
609	546341	266740
610	492744	288489
611	503990	233888
612	560394	218674
613	595703	240879
614	573398	194369
615	551504	163718
616	557729	241086
617	604381	310175
618	256910	767396
619	216249	729239
620	254116	748223
621	200897	724520
622	237599	737826
623	256884	794543
624	259353	675965
625	231574	696781
626	287834	722534
627	350191	686690
628	294847	707911
629	268507	721783
630	275228	692003
631	263839	718176
632	256048	743012
633	171374	680720
634	257301	742004
635	246193	781969
636	254996	718603
637	267628	718046
638	189013	722025
639	250283	811050
640	260461	743971
641	307642	768800
642	252078	721273
643	243511	729025
644	250998	756247
645	305422	749954
646	330971	748510
647	301925	681732
648	258289	747532
649	218066	652984
650	268582	750393
651	309307	676449
652	297392	837410
653	212684	744675
654	256364	741672
655	260803	732103
656	293378	730822
657	242768	720008
658	275500	729880
659	265037	605686
660	241019	755172
661	191241	788512
662	255886	727572
663	315723	708334
664	234688	718141
665	205548	820577
666	210438	672028
667	268715	766646
668	212151	726042
669	299298	716848
670	391506	745793
671	265410	761230
672	380778	761351
673	301915	642007
674	288109	751211
675	221650	852250
676	203861	729571
677	258191	719517
678	276360	722572
679	250153	705149
680	225440	777239
681	263300	708862
682	209638	779903
683	265687	728957
684	219148	671608
685	202313	803556
686	260246	744148
687	353731	733108
688	361882	664820
689	258354	712117
690	344580	833937
691	241344	757443
692	286128	759627
693	255492	699125
694	246953	837747
695	281449	742170
696	244978	741020
697	281490	707769
698	318257	689616
699	318320	785356
700	267996	752791
701	252398	735342
702	169076	696994
703	287127	769241
704	251773	743313
705	233154	798301
706	289447	672315
707	220236	696190
708	180062	750026
709	267928	721904
710	315014	732821
711	253678	781616
712	249508	730021
713	244713	684484
714	213416	797429
715	338623	688123
716	272708	722671
717	269722	735862
718	265363	749935
719	216910	714147
720	211879	702740
721	248415	734706
722	281381	747219
723	258514	721192
724	240833	764794
725	337516	771698
726	211181	778052
727	256102	748634
728	231591	738461
729	216906	697611
730	308119	778435
731	170563	774573
732	235525	775028
733	242177	789274
734	231394	726782
735	240546	720697
736	242380	733130
737	244510	760474
738	252049	733991
739	293158	788965
740	258335	744541
741	229258	799732
742	318118	765932
743	350824	788594
744	269541	749416
745	257595	742375
746	218404	783360
747	250965	638991
748	271398	705520
749	309785	740209
750	293513	791559
751	255953	744136
752	270778	747623
753	229246	721150
754	182210	807220
755	227734	741386
756	297763	743676
757	237737	729221
758	243262	738194
759	266271	753501
760	224714	721683
761	257321	743788
762	245789	757434
763	253157	736045
764	117874	815348
765	241709	731571
766	347019	718343
767	263035	735230
768	247280	711237
769	250639	741372
770	247362	733488
771	211789	695992
772	216664	677522
773	256255	743704
774	237847	719301
775	213313	735806
776	250379	742917
777	328400	743070
778	241569	734125
779	253541	764473
780	269306	729730
781	293363	724986
782	271138	732683
783	213034	772279
784	251371	786651
785	259065	724720
786	253804	742542
787	241020	760596
788	274995	777238
789	261209	724973
790	222553	726944
791	235047	746106
792	215758	708145
793	249252	741243
794	276918	720893
795	257503	742328
796	270830	751681
797	254122	745421
798	244908	754298
799	344753	787896
800	289445	688489
801	255205	736797
802	281555	721941
803	330430	771436
804	253457	777579
805	233496	791806
806	189684	691186
807	266413	660875
808	243837	733540
809	293505	803362
810	260303	727526
811	243491	728002
812	171693	721563
813	202123	744156
814	267285	728779
815	157834	661485
816	298443	770760
817	335331	818733
818	219609	734441
819	347306	800979
820	287334	659858
821	239976	833889
822	224951	722765
823	303315	750320
824	254814	747030
825	269950	727076
826	260040	745439
827	280473	744377
828	244639	720142
829	256956	740965
830	222004	807032
831	249361	748518
832	311037	756570
833	247122	715890
834	208069	655656
835	257453	742650
836	257325	742328
837	253267	789824
838	307281	762811
839	310424	718333
840	255453	741923
841	278992	757790
842	163957	733702
843	267246	751982
844	301060	715198
845	212056	766472
846	259723	732917
847	281780	775943
848	250805	726946
849	241156	739481
850	187608	800179
851	251058	735027
852	292595	740904
853	272074	712177
854	231261	786917
855	281000	740511
856	275058	713887
857	321560	731068
858	283915	688755
859	232840	738833
860	337958	798963
861	337046	820641
862	276394	761048
863	251347	670435
864	271702	753973
865	162224	685200
866	257677	719150
867	260318	711621
868	186264	695907
869	258174	755159
870	242709	757686
871	257254	743080
872	254983	731658
873	265273	716721
874	237449	785652
875	168596	748879
876	238834	696831
877	263109	743333
878	279676	809670
879	171747	777579
880	208417	813898
881	216564	723064
882	242195	689224
883	253534	741025
884	290176	781215
885	309158	699191
886	310940	711293
887	265486	702190
888	260419	741212
889	309129	744956
890	331240	717418
891	226170	738339
892	190767	706219
893	264262	737376
894	318816	748314
895	403394	777748
896	133737	819023
897	262522	730690
898	322898	707331
899	267179	761430
900	309043	753241
901	240893	734383
902	259566	727891
903	274552	718547
904	281005	717468
905	249734	767527
906	285301	711712
907	269005	750467
908	155283	721118
909	276869	731039
910	267975	745703
911	230459	815042
912	235700	742331
913	284567	716939
914	238601	769529
915	217170	824498
916	343775	713900
917	248775	743006
918	322803	656606
919	275390	840694
920	270819	619081
921	257784	742285
922	262725	748061
923	299229	739252
924	258131	750011
925	356321	721316
926	260631	685446
927	324355	769115
928	262464	745474
929	293755	724434
930	276333	734671
931	246185	768526
932	271427	759785
933	581344	385622
934	487508	410130
935	531520	470380
936	542398	407349
937	535553	401850
938	574340	386342
939	489563	423442
940	561517	424497
941	548471	363521
942	551619	407865
943	535637	416695
944	625861	446966
945	512721	297462
946	485787	451234
947	545177	449711
948	557549	430186
949	450504	489695
950	556721	406275
951	596886	406323
952	552270	452067
953	598696	426412
954	553121	424941
955	585213	507300
956	546923	447205
957	524864	524465
958	614862	474016
959	472136	522566
960	548741	424433
961	579708	389172
962	546195	435981
963	473518	431029
964	565818	441463
965	528421	449609
966	627970	406198
967	492513	376096
968	506194	412830
969	585921	420969
970	500095	384331
971	606741	433003
972	588823	391287
973	550666	358776
974	580102	421291
975	540689	483370
976	531336	427371
977	560929	488831
978	528839	404605
979	587670	454726
980	550071	432907
981	545251	423126
982	517722	389497
983	487466	404035
984	534359	410864
985	573525	363494
986	469597	469641
987	444203	433426
988	530126	482570
989	497364	497954
990	539380	452369
991	550207	427844
992	541436	463443
993	555566	402931
994	621264	430161
995	606519	426672
996	556325	411879
997	565035	407936
998	477578	283202
999	637561	412198
1000	494817	482837
1001	583750	440376
1002	619302	407243
1003	539353	414700
1004	491238	477838
1005	559644	393877
1006	551841	449208
1007	543185	449059
1008	557232	385801
1009	542717	485269
1010	628617	470383
1011	546433	433425
1012	656928	427142
1013	575225	471361
1014	540883	388547
1015	536902	487971
1016	669372	510729
1017	579813	431520
1018	638490	472369
1019	521733	288196
1020	474946	400305
1021	492108	415357
1022	647843	471024
1023	509727	402091
1024	557993	414488
1025	540956	440807
1026	539226	362911
1027	561535	422869
1028	532490	498388
1029	555321	411402
1030	502666	515079
1031	448308	360032
1032	605747	523813
1033	546080	441878
1034	594739	460997
1035	550615	457350
1036	552271	443264
1037	603175	429360
1038	551098	430693
1039	538746	399264
1040	500554	486108
1041	567652	460477
1042	670761	411963
1043	475690	420212
1044	555815	431564
1045	544504	435105
1046	559698	403757
1047	540029	431108
1048	550599	427512
1049	523731	404747
1050	552614	405698
1051	569819	389830
1052	437468	449261
1053	561322	473181
1054	547467	428249
1055	575789	337136
1056	552519	443109
1057	626243	434835
1058	549505	426514
1059	492240	539242
1060	560227	441363
1061	561030	439050
1062	498433	386501
1063	571566	348938
1064	531484	418681
1065	571064	421038
1066	511578	477934
1067	614768	433212
1068	575159	355952
1069	546882	491538
1070	658249	458851
1071	544860	415900
1072	563645	483100
1073	509113	433214
1074	599399	491415
1075	546863	446509
1076	527044	345316
1077	588577	360468
1078	559409	434055
1079	596283	479036
1080	499436	442899
1081	613978	292982
1082	456190	480028
1083	519097	500369
1084	595184	437458
1085	525481	408507
1086	510267	426949
1087	547148	435677
1088	513319	442815
1089	587173	449183
1090	549320	462207
1091	561429	432347
1092	491552	413594
1093	495264	466224
1094	579463	437384
1095	535151	429278
1096	538697	483333
1097	511036	447734
1098	594360	367824
1099	536563	392008
1100	560500	439267
1101	490871	511719
1102	528328	432436
1103	565144	416025
1104	525461	390918
1105	546371	432422
1106	538782	473082
1107	611712	395925
1108	484168	387405
1109	551526	457442
1110	489505	420072
1111	600738	463163
1112	589889	475739
1113	514225	536816
1114	578615	447581
1115	553817	402394
1116	461670	393552
1117	597719	429710
1118	505651	444909
1119	516034	402424
1120	546287	438245
1121	596539	376915
1122	554524	405520
1123	568522	412767
1124	589979	394610
1125	517816	430769
1126	566260	366100
1127	599365	369570
1128	437196	403295
1129	475065	455494
1130	562697	439867
1131	474287	414463
1132	517042	433320
1133	526568	428022
1134	539611	398504
1135	569808	385206
1136	539631	417731
1137	536056	433013
1138	550433	455366
1139	499380	378456
1140	556204	478664
1141	563430	421182
1142	545045	424260
1143	553634	447321
1144	535370	426421
1145	562541	424860
1146	613299	443903
1147	542295	448653
1148	514456	471271
1149	511573	356527
1150	511377	447729
1151	479144	530599
1152	537444	434463
1153	538071	476262
1154	561644	437142
1155	541794	440513
1156	574696	453097
1157	535114	427111
1158	568190	462684
1159	551346	418392
1160	570220	437495
1161	496768	392238
1162	603715	446602
1163	562761	451747
1164	591406	478984
1165	567287	446702
1166	503884	445231
1167	488808	432042
1168	590610	363074
1169	502713	461159
1170	537914	440074
1171	541156	470641
1172	545384	440024
1173	546724	436025
1174	553439	391197
1175	459376	417560
1176	543882	433069
1177	541775	426833
1178	587665	442146
1179	546781	435921
1180	649819	402618
1181	589886	417783
1182	555177	411731
1183	545799	434875
1184	537358	433500
1185	474403	396993
1186	614391	432060
1187	525885	408633
1188	540590	500716
1189	539864	439369
1190	517804	430120
1191	615324	459379
1192	604153	425325
1193	538145	455848
1194	540472	433652
1195	534566	419446
1196	489749	431702
1197	554344	507754
1198	536341	503208
1199	535188	533997
1200	544385	417589
1201	551464	437752
1202	539973	435022
1203	528431	548215
1204	562797	537421
1205	508043	396501
1206	544049	438662
1207	518755	455241
1208	543510	406511
1209	465992	427732
1210	497761	545339
1211	503305	541419
1212	546148	439859
1213	544848	453980
1214	530976	510400
1215	476036	495210
1216	511620	442106
1217	549513	426946
1218	546765	437681
1219	635196	471927
1220	490878	419594
1221	587238	408202
1222	518503	427052
1223	533823	438128
1224	550848	429297
1225	555081	374919
1226	589141	508464
1227	502737	414379
1228	506686	362499
1229	548132	443869
1230	491170	526141
1231	561259	555874
1232	537607	467331
1233	528819	423088
1234	552075	458191
1235	488078	386485
1236	477080	439728
1237	553909	418551
1238	639407	453570
1239	546029	436971
1240	575548	403760
1241	540998	509845
1242	497663	411215
1243	550114	413363
1244	536199	410166
1245	593205	453290
1246	605722	365131
1247	549184	442333
1248	523254	437878
1249	535947	444924
1250	539919	458163
1251	572815	413163
1252	510224	508938
1253	793712	253869
1254	824235	182393
1255	761457	262653
1256	794985	311076
1257	779569	150623
1258	810617	247422
1259	855489	211373
1260	849254	283112
1261	808784	242254
1262	791155	234010
1263	809656	243885
1264	808163	241795
1265	767028	226008
1266	823630	251398
1267	782172	210780
1268	854342	282373
1269	842713	245312
1270	856465	252408
1271	822556	275760
1272	853014	268530
1273	815736	251749
1274	796737	235100
1275	734201	239635
1276	792133	192616
1277	807811	241810
1278	808336	241768
1279	840286	227016
1280	782953	207370
1281	876441	180658
1282	862557	237489
1283	805067	246062
1284	747163	257973
1285	860400	304313
1286	838811	224435
1287	765391	238154
1288	909774	177017
1289	805219	243830
1290	871274	195811
1291	809012	229132
1292	841925	346604
1293	808083	222905
1294	812151	245409
1295	800231	232016
1296	796530	215743
1297	756887	266465
1298	735435	285672
1299	837660	211926
1300	913662	134920
1301	749321	200484
1302	794629	248741
1303	804405	244473
1304	802111	214682
1305	807493	241644
1306	757011	220524
1307	733684	216569
1308	813657	150704
1309	813354	273784
1310	832128	271389
1311	766957	220939
1312	811077	267030
1313	806127	239206
1314	802856	239801
1315	797349	262013
1316	789086	256113
1317	870334	259442
1318	786819	217596
1319	724693	300946
1320	802289	237945
1321	745416	198118
1322	805167	195569
1323	804876	233484
1324	811122	234227
1325	746115	174758
1326	808918	240673
1327	783113	249571
1328	779407	216656
1329	795765	205593
1330	808909	244561
1331	793721	273544
1332	838678	285533
1333	816382	241539
1334	762228	170036
1335	785728	198547
1336	831392	233281
1337	852354	351771
1338	754394	188386
1339	833141	244991
1340	813108	245893
1341	796846	214589
1342	809373	167754
1343	766881	246119
1344	857835	179609
1345	807956	241772
1346	725843	266365
1347	782383	273638
1348	867714	178320
1349	819132	336025
1350	805575	259205
1351	776270	342297
1352	743869	285111
1353	806545	242423
1354	803229	246622
1355	826119	273742
1356	883855	276227
1357	872437	199366
1358	806010	253932
1359	885710	207920
1360	729156	251369
1361	755167	224395
1362	864001	143590
1363	778476	260039
1364	837897	231719
1365	806903	239418
1366	806003	241718
1367	766740	264258
1368	833070	262092
1369	788701	281634
1370	806172	256966
1371	801115	280568
1372	808036	251643
1373	808170	221769
1374	817749	245231
1375	803097	213517
1376	848376	221062
1377	801185	253763
1378	802481	245334
1379	806501	245656
1380	811051	233169
1381	794362	240626
1382	798852	242607
1383	835229	231967
1384	825468	252748
1385	860649	139962
1386	867303	312028
1387	827932	235274
1388	812413	250382
1389	783222	233377
1390	788340	235197
1391	828604	274972
1392	791483	203193
1393	815370	332003
1394	813230	241626
1395	837268	233956
1396	893118	141854
1397	891639	222727
1398	736002	275702
1399	727552	253350
1400	843731	255903
1401	851033	199614
1402	882714	199375
1403	786460	286314
1404	888806	185365
1405	758373	213773
1406	779551	283553
1407	774858	229972
1408	776245	193642
1409	799209	214049
1410	838295	205014
1411	843948	359339
1412	744947	233071
1413	809004	239858
1414	838840	290309
1415	863682	210058
1416	746395	338046
1417	761539	305396
1418	807424	243082
1419	848407	200373
1420	809929	244528
1421	819272	251346
1422	808243	245479
1423	709033	331978
1424	832767	240604
1425	818255	220116
1426	830163	216187
1427	811557	257847
1428	836277	272560
1429	869697	240782
1430	786991	226933
1431	847635	233364
1432	777123	255131
1433	794074	280755
1434	798365	261221
1435	792217	324106
1436	877409	279311
1437	836796	283381
1438	810776	255655
1439	797840	227260
1440	805699	244328
1441	822415	228782
1442	854434	182273
1443	808472	241370
1444	854078	216536
1445	776876	210752
1446	801580	233127
1447	804306	232302
1448	798674	182094
1449	830283	261867
1450	850261	182406
1451	833903	222088
1452	828641	216117
1453	798745	216888
1454	817239	280192
1455	845443	205967
1456	801965	207790
1457	777245	282920
1458	785719	212629
1459	784197	196482
1460	875397	193513
1461	803909	143451
1462	760109	274439
1463	825397	225267
1464	827196	230652
1465	833920	273791
1466	802930	232758
1467	761357	240327
1468	787830	198769
1469	800784	277894
1470	795091	246317
1471	789940	178354
1472	849885	226831
1473	844844	217626
1474	810720	231120
1475	777952	227175
1476	796301	253068
1477	836069	211456
1478	725662	243972
1479	821905	288624
1480	750750	213230
1481	867380	208671
1482	812709	248657
1483	770611	157778
1484	839690	166947
1485	811742	247347
1486	738001	235064
1487	765796	239017
1488	818500	263988
1489	856957	152113
1490	817541	128934
1491	896024	206022
1492	771206	278182
1493	731083	257941
1494	761600	171345
1495	825399	236897
1496	793786	240794
1497	804054	228959
1498	815671	220031
1499	817824	255477
1500	792697	226642
1501	772549	239088
1502	819347	262933
1503	818044	241088
1504	804961	254767
1505	770604	331322
1506	862313	195068
1507	793309	245111
1508	764197	149751
1509	771625	309015
1510	762995	137958
1511	801340	166195
1512	802692	248240
1513	799085	326294
1514	839602	141486
1515	806206	242953
1516	848656	242083
1517	814206	234837
1518	795132	261826
1519	809504	231713
1520	726964	244068
1521	797907	236008
1522	835193	255264
1523	784965	230062
1524	783617	262452
1525	874769	237445
1526	790023	162623
1527	869977	217315
1528	816583	285646
1529	819014	178971
1530	806564	228611
1531	776929	175876
1532	820114	241824
1533	809270	235480
1534	850080	301694
1535	775576	214729
1536	762220	201489
1537	787634	208637
1538	837705	183892
1539	743486	210190
1540	833976	214186
1541	750510	324130
1542	812921	256262
1543	874372	191594
1544	868167	228347
1545	815605	239519
1546	836059	221012
1547	856835	289341
1548	823141	203497
1549	806678	241501
1550	759976	283246
1551	803022	245592
1552	765715	281157
1553	823326	281490
1554	808523	242120
1555	808833	241692
1556	810615	244983
1557	834180	195070
1558	804550	222538
1559	809651	243502
1560	833713	231141
1561	760374	144848
1562	782321	250893
1563	816153	243422
1564	817075	249226
1565	831422	194245
1566	849016	229923
1567	819357	236228
1568	830726	223022
1569	809043	241386
1570	841856	249538
1571	860654	303649
1572	822417	228001
1573	762257	204672
1574	447100	578447
1575	435369	600655
1576	450681	614019
1577	446408	617816
1578	458825	608028
1579	437246	626679
1580	454357	627922
1581	472602	547751
1582	446070	660584
1583	436173	596885
1584	427674	649409
1585	429283	696036
1586	443685	556528
1587	459542	604591
1588	432232	612326
1589	441101	632597
1590	434308	622475
1591	451267	521677
1592	440009	607204
1593	452407	650191
1594	439403	647691
1595	443034	608016
1596	444433	600811
1597	454532	645000
1598	424823	632310
1599	440107	607385
1600	451719	596564
1601	443376	615484
1602	445431	608977
1603	444904	608335
1604	440573	587754
1605	420214	670760
1606	435259	600545
1607	452350	614438
1608	462959	604618
1609	437911	580427
1610	438421	597731
1611	448067	624888
1612	444800	611906
1613	437290	592669
1614	435894	584536
1615	407185	725388
1616	452789	601477
1617	444481	611260
1618	431354	637354
1619	430530	606861
1620	443303	611108
1621	445232	613051
1622	404544	731122
1623	429547	618065
1624	443000	608074
1625	435259	597598
1626	443703	660042
1627	427786	615834
1628	459700	534846
1629	452060	618631
1630	442216	648286
1631	462253	537194
1632	438157	612420
1633	427937	624218
1634	439556	639152
1635	451591	614155
1636	444028	612568
1637	447920	560215
1638	451407	613075
1639	441417	591083
1640	437912	608595
1641	442093	606830
1642	431324	619224
1643	452444	572715
1644	435969	661051
1645	443881	624977
1646	444942	615911
1647	442766	614279
1648	429488	612140
1649	432383	651805
1650	456268	606299
1651	446119	601343
1652	457620	595627
1653	455587	621993
1654	449467	594608
1655	484292	484470
1656	442884	634567
1657	454183	557625
1658	446602	609863
1659	447314	660847
1660	444661	611980
1661	449484	620119
1662	460069	601972
1663	443667	610462
1664	429709	610420
1665	432770	626516
1666	465949	562223
1667	454289	596414
1668	454280	559579
1669	438734	570107
1670	427073	632543
1671	427633	671587
1672	435182	619799
1673	455398	637265
1674	439176	594910
1675	430654	624767
1676	442973	609902
1677	446490	615129
1678	457700	581592
1679	436458	684903
1680	439176	608167
1681	444716	611868
1682	432474	624072
1683	488115	469542
1684	460814	598923
1685	440610	616231
1686	444957	611326
1687	451341	621998
1688	445433	600419
1689	453151	609498
1690	447397	603115
1691	435903	607885
1692	461734	555207
1693	445257	622466
1694	440588	612912
1695	433033	596889
1696	455143	610900
1697	440304	609973
1698	445410	611847
1699	443089	599479
1700	441386	593318
1701	439642	618354
1702	437908	613112
1703	441050	601420
1704	444301	603484
1705	453398	598101
1706	465954	589137
1707	433377	611151
1708	458454	615360
1709	435929	617842
1710	421163	659446
1711	444871	618411
1712	450314	633443
1713	439463	599626
1714	448441	609380
1715	476283	464782
1716	479558	478960
1717	458830	569403
1718	447284	614788
1719	453260	604938
1720	448654	619238
1721	451594	607751
1722	455084	577509
1723	460103	537011
1724	431669	612443
1725	441182	595293
1726	440135	646871
1727	462743	607252
1728	433777	658240
1729	449852	588780
1730	447370	572513
1731	446663	665376
1732	453116	618005
1733	443435	574546
1734	432211	640079
1735	445068	585477
1736	445275	610456
1737	437400	589213
1738	451402	606954
1739	442169	606218
1740	454191	645997
1741	436337	595330
1742	441697	647732
1743	438007	605764
1744	463609	594447
1745	454851	622054
1746	457673	601276
1747	448431	652248
1748	409604	719216
1749	450238	522433
1750	467528	527093
1751	460222	611610
1752	447791	590725
1753	423351	683613
1754	451508	619873
1755	458908	601967
1756	447797	546020
1757	431542	625990
1758	422092	641107
1759	447028	613881
1760	450049	619865
1761	447016	561170
1762	448043	593794
1763	439602	621588
1764	448315	608918
1765	435287	618215
1766	457799	531754
1767	449352	662964
1768	448601	619650
1769	426524	626797
1770	432586	619808
1771	445966	677989
1772	443815	614792
1773	434851	666009
1774	454453	601665
1775	453894	590031
1776	452896	612311
1777	430612	606441
1778	455847	628630
1779	442111	607639
1780	437259	607669
1781	446497	614809
1782	419102	657777
1783	445558	608647
1784	449157	606166
1785	450585	629141
1786	451192	645577
1787	466810	585085
1788	410728	703979
1789	463350	513874
1790	452016	618875
1791	455258	619604
1792	441151	624453
1793	426596	668966
1794	431234	715466
1795	449808	623716
1796	452325	582322
1797	438918	619134
1798	430219	697004
1799	421865	680145
1800	448273	610829
1801	439431	589794
1802	441640	557306
1803	445421	611266
1804	417525	730640
1805	463173	567989
1806	436106	602036
1807	446833	618978
1808	451552	593032
1809	447928	606070
1810	443714	630494
1811	432886	615881
1812	435784	630866
1813	444646	611399
1814	437055	626421
1815	445625	604103
1816	443295	608421
1817	458798	606668
1818	456815	601069
1819	445849	618695
1820	435738	597721
1821	444166	604960
1822	444654	611294
1823	446989	611213
1824	443394	600502
1825	444258	609593
1826	447378	614919
1827	442751	637825
1828	441698	599768
1829	449888	537655
1830	441842	568237
1831	439549	635233
1832	430760	623698
1833	441395	627766
1834	442693	651800
1835	453303	602495
1836	414615	681241
1837	448826	537561
1838	449198	571244
1839	454814	638844
1840	447191	614648
1841	440342	640970
1842	433360	610138
1843	445370	607679
1844	445975	613913
1845	430262	612441
1846	440026	605811
1847	444154	614500
1848	440323	609745
1849	460254	614964
1850	444577	563762
1851	459997	607534
1852	428680	639406
1853	444738	611875
1854	444980	611522
1855	458310	547878
1856	438169	621102
1857	434019	616578
1858	410144	740535
1859	449172	600937
1860	435811	641521
1861	464456	493206
1862	443959	598236
1863	456121	574226
1864	419611	661423
1865	440645	592763
1866	447921	606239
1867	460039	605406
1868	450032	538394
1869	444664	674374
1870	455235	607006
1871	440869	641767
1872	436562	591307
1873	457839	604606
1874	438862	612483
1875	446792	622224
1876	432748	681751
1877	458338	602245
1878	442587	550292
1879	440230	613281
1880	435171	615060
1881	435961	621895
1882	440263	597790
1883	435502	608309
1884	448529	624596
1885	445563	607178
1886	447221	603897
1887	434199	615311
1888	442585	606098
1889	438100	647695
1890	431219	622664
1891	466686	564414
1892	427888	612137
1893	414871	690586
1894	463011	595165
1895	434131	629601
1896	458400	596749
1897	445690	614204
1898	435454	582389
1899	445342	612352
1900	461991	549808
1901	448311	603242
1902	450265	621323
1903	818219	458739
1904	744672	487943
1905	785537	466675
1906	743636	471281
1907	721661	472652
1908	811687	518457
1909	760680	472076
1910	667308	499492
1911	766891	499298
1912	744754	395698
1913	745417	531869
1914	735299	489289
1915	798153	453443
1916	677507	492264
1917	777922	503642
1918	758367	480084
1919	701688	536794
1920	691947	542928
1921	700622	405473
1922	715550	491875
1923	712286	485779
1924	804251	449725
1925	768116	501273
1926	745392	490092
1927	760154	465762
1928	739491	465044
1929	779578	465354
1930	740221	488781
1931	727117	496485
1932	696679	509407
1933	825530	459159
1934	741447	490496
1935	661797	479217
1936	718768	455594
1937	748297	514711
1938	771552	478145
1939	742585	490760
1940	753689	466700
1941	766195	525851
1942	775493	482993
1943	696197	438238
1944	739452	553002
1945	768513	393439
1946	657515	479703
1947	808800	435369
1948	745501	490810
1949	715169	485793
1950	744998	491614
1951	782056	538516
1952	718647	424172
1953	764609	489583
1954	763534	501405
1955	746579	511998
1956	785199	496523
1957	739771	507383
1958	745690	489349
1959	766343	470788
1960	765406	482869
1961	745458	491697
1962	749939	486902
1963	731377	498220
1964	771727	481735
1965	737591	465673
1966	752795	492722
1967	740259	516438
1968	757130	489186
1969	754784	486474
1970	701301	485544
1971	766959	499957
1972	756304	489736
1973	789720	518559
1974	745921	565171
1975	746925	503747
1976	775990	473484
1977	757951	459274
1978	717757	502933
1979	739644	492615
1980	685813	420491
1981	749620	446114
1982	751490	503108
1983	780624	523562
1984	764556	501749
1985	714111	509663
1986	651301	477080
1987	748808	506234
1988	743071	496017
1989	839170	510675
1990	737277	494037
1991	730517	494716
1992	781105	493570
1993	723443	496326
1994	727728	486854
1995	738050	503128
1996	751827	506545
1997	744128	491509
1998	740862	482333
1999	769904	494189
2000	680187	465189
2001	764305	518728
2002	740262	454955
2003	705432	514922
2004	721349	461213
2005	753995	491831
2006	777463	500299
2007	751796	445457
2008	787906	558654
2009	745454	488276
2010	737826	491074
2011	745033	491606
2012	737370	495925
2013	679889	493203
2014	739253	483120
2015	725641	530996
2016	744128	537362
2017	699536	450629
2018	725081	485892
2019	755578	395916
2020	755920	505968
2021	698637	479409
2022	728129	500290
2023	765069	395708
2024	685690	459731
2025	751359	489325
2026	691104	470705
2027	740118	531723
2028	785655	508844
2029	741888	484144
2030	746713	501892
2031	781871	480793
2032	789905	516728
2033	762190	469655
2034	652041	437907
2035	721998	450358
2036	771567	443784
2037	786637	449043
2038	780565	507134
2039	720719	478954
2040	818977	548276
2041	742129	489709
2042	717489	450861
2043	771764	496863
2044	839507	510409
2045	747241	474168
2046	763104	470945
2047	709537	529162
2048	756251	468939
2049	739447	497012
2050	744281	498059
2051	802128	475573
2052	748938	475486
2053	704065	426062
2054	673866	497010
2055	657004	483127
2056	696264	534642
2057	718455	546526
2058	747904	486697
2059	741784	485006
2060	752511	493459
2061	658397	474679
2062	689373	481718
2063	735419	521089
2064	813911	494530
2065	736699	495571
2066	741679	482804
2067	796870	493350
2068	790913	434009
2069	733227	508516
2070	712687	527762
2071	721334	470136
2072	784475	589185
2073	758563	500321
2074	739547	489215
2075	750308	483196
2076	750854	463676
2077	732037	521822
2078	746425	494200
2079	728512	466105
2080	827519	523909
2081	732792	438957
2082	825078	486120
2083	723331	488479
2084	751250	554067
2085	672462	515287
2086	752431	474401
2087	776746	542829
2088	746258	490697
2089	744842	490334
2090	771250	521703
2091	782116	487638
2092	766054	500996
2093	757582	487189
2094	784643	462183
2095	786453	437687
2096	768918	444830
2097	743862	420503
2098	756376	469701
2099	745773	515857
2100	755676	496120
2101	788465	498692
2102	740196	515856
2103	729956	570278
2104	692017	350411
2105	778300	495684
2106	770734	513047
2107	839244	520420
2108	837533	541144
2109	755622	389100
2110	683156	477909
2111	749007	465411
2112	746916	486226
2113	747666	478824
2114	796502	510572
2115	781518	491802
2116	734537	513380
2117	777438	503372
2118	746927	493782
2119	782638	472545
2120	686890	533353
2121	736648	486939
2122	770320	449290
2123	736308	496256
2124	694554	535143
2125	731019	488690
2126	747697	489436
2127	724508	471646
2128	728414	498907
2129	702554	535597
2130	759434	490376
2131	695726	486749
2132	797473	471372
2133	745294	492940
2134	761897	442656
2135	693716	476453
2136	729190	580460
2137	790062	485624
2138	750835	484965
2139	804706	508099
2140	745027	489971
2141	752645	478941
2142	761125	545456
2143	738676	488228
2144	774857	499250
2145	674726	483779
2146	743304	462660
2147	734294	489972
2148	742707	446699
2149	693853	483179
2150	740373	488728
2151	738729	512733
2152	748030	471059
2153	754610	489442
2154	751376	493290
2155	772549	498648
2156	745511	464200
2157	784908	598626
2158	800642	547740
2159	764201	504873
2160	726987	487946
2161	751489	442230
2162	759258	407764
2163	764112	512367
2164	783936	495842
2165	745285	491152
2166	737497	445283
2167	734479	474887
2168	753541	513095
2169	747199	581068
2170	779361	467379
2171	759544	452684
2172	767537	476326
2173	779260	465853
2174	759503	507476
2175	653418	491119
2176	731808	483131
2177	697936	482887
2178	739490	457808
2179	725595	498992
2180	744105	488265
2181	734111	502380
2182	714663	545229
2183	705578	505385
2184	774790	505536
2185	742720	483440
2186	690411	504116
2187	744972	529838
2188	748626	467103
2189	772618	505985
2190	759501	501657
2191	788686	475140
2192	707047	411898
2193	759900	480354
2194	721240	488869
2195	749909	495121
2196	731573	423211
2197	735690	487883
2198	736447	495116
2199	736840	480400
2200	766906	565918
2201	777336	493593
2202	742956	482214
2203	691442	511116
2204	676995	476288
2205	737776	506695
2206	737775	515859
2207	746789	484134
2208	702306	508607
2209	700190	518411
2210	734587	494087
2211	738362	540660
2212	743423	497525
2213	681136	488487
2214	791228	500692
2215	745226	489261
2216	728996	491089
2217	743598	490116
2218	773513	499993
2219	739663	533583
2220	648157	464934
2221	746257	489489
2222	754966	558120
2223	731717	480912
2224	781393	496807
2225	755246	509169
2226	718862	480199
2227	747883	519302
2228	744025	492118
2229	727112	497222
2230	724127	529035
2231	734376	455402
2232	736327	493658
2233	661222	492516
2234	780931	476348
2235	719728	508053
2236	768226	555200
2237	800317	784636
2238	813882	790297
2239	811050	797793
2240	802282	801674
2241	790311	781251
2242	774427	788519
2243	865085	777786
2244	818350	787409
2245	815889	783684
2246	816463	800337
2247	815268	782521
2248	806535	822224
2249	832317	794891
2250	809154	792606
2251	807272	807084
2252	803126	793952
2253	772765	829968
2254	748190	797315
2255	811562	798728
2256	811233	796697
2257	806068	811127
2258	808610	801067
2259	820422	805195
2260	800994	792867
2261	818562	793459
2262	810642	797694
2263	810409	793197
2264	792069	780712
2265	815892	803983
2266	779163	791549
2267	804879	811064
2268	811111	798591
2269	798050	785780
2270	794594	796647
2271	800880	821084
2272	801852	797430
2273	813805	794889
2274	684742	858350
2275	849765	799977
2276	811006	799360
2277	752217	796250
2278	845878	785568
2279	770665	821201
2280	839914	798603
2281	782173	797095
2282	763493	808260
2283	816224	792191
2284	790536	796206
2285	812533	805236
2286	815790	795797
2287	817150	793334
2288	800081	798478
2289	827452	805731
2290	753254	805073
2291	712652	814903
2292	837545	807762
2293	762397	803499
2294	814040	798210
2295	775353	785881
2296	811672	805014
2297	848200	804071
2298	814419	790706
2299	801854	795090
2300	808649	800874
2301	815014	790524
2302	800539	794875
2303	826452	774195
2304	813755	789306
2305	803210	779021
2306	783620	829765
2307	811619	799698
2308	709277	840357
2309	808478	795327
2310	761486	827536
2311	838705	773992
2312	810812	798446
2313	786935	791732
2314	800668	815680
2315	792980	821154
2316	807147	776017
2317	851656	790283
2318	825953	804985
2319	852355	792202
2320	817868	793701
2321	815645	811090
2322	834080	801772
2323	746273	810719
2324	862496	778936
2325	829158	817432
2326	817826	776448
2327	814716	818970
2328	808612	800038
2329	763526	799481
2330	798177	799333
2331	844586	802273
2332	828381	790305
2333	812051	780503
2334	810514	802370
2335	815619	802774
2336	822284	774498
2337	823994	791174
2338	821453	779300
2339	726276	836622
2340	846308	810323
2341	812282	802500
2342	820325	799356
2343	810158	800509
2344	830963	776249
2345	828273	800409
2346	806713	819895
2347	804078	808708
2348	831445	773615
2349	811385	793975
2350	882553	782545
2351	830856	816331
2352	809052	785192
2353	845361	796494
2354	836085	766127
2355	810403	799127
2356	810563	799792
2357	760137	803552
2358	751620	820060
2359	808740	798806
2360	852753	799139
2361	794086	791644
2362	815442	805892
2363	813406	779457
2364	828420	778270
2365	841353	810185
2366	788090	798495
2367	896122	752214
2368	807593	810444
2369	854520	808339
2370	806768	823619
2371	815330	805167
2372	772496	803150
2373	805108	796673
2374	840496	769202
2375	875012	768919
2376	862306	765939
2377	837251	807197
2378	793340	781982
2379	819165	810616
2380	879185	797717
2381	798852	827092
2382	802157	792844
2383	814428	817590
2384	824529	807816
2385	776070	829533
2386	758092	832345
2387	826726	795730
2388	776003	790728
2389	841726	800729
2390	846786	765439
2391	802870	819655
2392	811161	798794
2393	806610	814590
2394	803063	809522
2395	834569	809292
2396	824219	801663
2397	762598	815926
2398	804861	826217
2399	808589	793608
2400	811491	798866
2401	824463	818956
2402	813497	822786
2403	802641	794320
2404	798398	827206
2405	836616	812262
2406	808701	800100
2407	806309	805747
2408	807546	803599
2409	812855	795781
2410	832359	781195
2411	808459	797917
2412	844453	807177
2413	795810	797565
2414	812775	800227
2415	833218	782008
2416	902127	790356
2417	851161	798515
2418	834253	806535
2419	810198	799363
2420	805723	788560
2421	818972	795586
2422	786133	824977
2423	871946	767622
2424	780537	795247
2425	788649	794537
2426	812179	799484
2427	819533	799169
2428	810233	797993
2429	772515	835615
2430	807776	793655
2431	806119	784986
2432	845500	789584
2433	849098	786555
2434	769350	788631
2435	830472	784347
2436	804095	806441
2437	837448	786979
2438	809435	797683
2439	798097	792059
2440	803357	779049
2441	828589	808321
2442	688923	822917
2443	817776	808814
2444	777392	785033
2445	814227	796434
2446	892881	792214
2447	849209	792426
2448	808499	792311
2449	772973	813821
2450	856014	784608
2451	880096	760613
2452	820461	797871
2453	787229	807186
2454	807914	798232
2455	824520	816576
2456	819784	779387
2457	793972	784171
2458	850054	775827
2459	815919	801046
2460	813274	800479
2461	733659	846262
2462	787857	788060
2463	765996	826401
2464	835927	776081
2465	811536	800108
2466	795556	798494
2467	811762	777181
2468	845455	809831
2469	801399	812391
2470	811030	804846
2471	812057	805634
2472	954037	754046
2473	801110	809783
2474	805663	799265
2475	766780	820253
2476	819233	774163
2477	842369	781218
2478	816267	820949
2479	809664	810841
2480	809626	801102
2481	803374	814949
2482	793044	820441
2483	817013	794412
2484	803922	782547
2485	808035	798648
2486	799944	816622
2487	882811	793520
2488	808680	796706
2489	817649	793894
2490	811896	798882
2491	811431	773910
2492	791917	803419
2493	811114	797982
2494	804722	818319
2495	809031	794833
2496	846172	787246
2497	795683	807841
2498	820895	770082
2499	814195	799627
2500	813666	801736
2501	794412	821642
2502	866119	772773
2503	833899	769899
2504	800075	792980
2505	793835	803740
2506	747595	808890
2507	815019	804514
2508	774498	791774
2509	828759	807565
2510	797410	792297
2511	773559	811913
2512	777063	793465
2513	778859	812924
2514	827063	782736
2515	813325	799374
2516	817057	799945
2517	808789	803743
2518	811794	796546
2519	758239	811790
2520	811526	798522
2521	820837	796472
2522	762099	802683
2523	854479	761858
2524	852585	769444
2525	792700	826386
2526	771857	793747
2527	810044	791867
2528	773322	815967
2529	808797	782400
2530	772267	786407
2531	821809	776574
2532	850867	794795
2533	827966	798346
2534	809615	782697
2535	841746	765533
2536	809140	809166
2537	760079	809519
2538	903112	748680
2539	816200	783338
2540	818466	801242
2541	811844	795617
2542	805778	794695
2543	793557	795249
2544	799520	804177
2545	898849	767378
2546	810560	798181
2547	830952	784116
2548	776951	822900
2549	793031	790061
2550	808698	813898
2551	809098	796696
2552	826957	812482
2553	820493	816355
2554	809186	790562
2555	805060	785568
2556	828989	784053
2557	785544	795681
2558	818964	801925
2559	840579	786111
2560	781601	808491
2561	782521	782691
2562	788766	823901
2563	847740	764964
2564	837971	773332
2565	800539	823945
2566	812502	800441
2567	760867	799121
2568	815737	804639
2569	800968	811241
2570	666089	834004
2571	663355	712969
2572	621522	740455
2573	635643	769436
2574	675306	759322
2575	662388	702735
2576	631228	738355
2577	618043	759128
2578	658668	727864
2579	577939	713682
2580	578115	647986
2581	667218	717759
2582	633117	708577
2583	590219	637555
2584	629694	706231
2585	600117	727120
2586	595905	708060
2587	571086	725107
2588	664594	695034
2589	664481	709254
2590	605036	714271
2591	640037	713785
2592	657586	724372
2593	641567	698735
2594	655793	705794
2595	694243	777923
2596	650118	739354
2597	625348	716968
2598	674203	723060
2599	607366	794211
2600	728537	782503
2601	636134	677351
2602	680555	646090
2603	616343	714532
2604	636986	733872
2605	641756	723448
2606	642156	719494
2607	673940	685535
2608	638563	721974
2609	617223	759236
2610	666434	795317
2611	650616	745355
2612	644829	715595
2613	628266	714048
2614	614978	720929
2615	621371	632289
2616	627449	758729
2617	703914	726785
2618	749598	763757
2619	742388	753054
2620	617282	739230
2621	629683	689530
2622	630843	719036
2623	634532	716093
2624	634214	708358
2625	628856	751488
2626	705772	693959
2627	638982	719285
2628	587652	724621
2629	643835	717689
2630	642061	703080
2631	680868	731424
2632	647974	734779
2633	592707	669467
2634	659403	713194
2635	651363	677982
2636	614618	734345
2637	644438	720614
2638	625398	783528
2639	623234	700831
2640	589875	662805
2641	636688	682078
2642	649471	717081
2643	619595	706496
2644	639029	714515
2645	624252	713773
2646	644538	719707
2647	634803	719010
2648	640350	716486
2649	617866	626069
2650	595870	694998
2651	640447	732249
2652	657571	721522
2653	575169	678903
2654	640485	708409
2655	621979	764543
2656	656764	717599
2657	636714	764339
2658	688874	674571
2659	673737	716750
2660	640545	719321
2661	648627	715000
2662	680227	725783
2663	642156	702212
2664	643279	717650
2665	651261	650210
2666	619626	709345
2667	637681	686532
2668	573020	690010
2669	633199	696635
2670	599265	707098
2671	601118	714354
2672	641842	702995
2673	632370	701340
2674	608368	700007
2675	578988	672472
2676	638705	715159
2677	613932	677231
2678	644853	729111
2679	622277	680778
2680	593708	756565
2681	637061	716304
2682	641164	670236
2683	600402	716490
2684	615211	738645
2685	672211	778530
2686	610174	773555
2687	667479	679479
2688	636169	706669
2689	640386	714859
2690	649453	717922
2691	712029	783889
2692	592222	693517
2693	651585	660825
2694	633304	754799
2695	647577	711195
2696	657545	781613
2697	639437	657390
2698	655486	699195
2699	649760	788229
2700	619325	698780
2701	642584	700876
2702	666128	731003
2703	587018	731896
2704	658798	678713
2705	639138	713564
2706	640407	699332
2707	628732	709659
2708	597091	721757
2709	625293	728810
2710	637459	716775
2711	631939	715432
2712	639767	716618
2713	657470	776215
2714	644574	724986
2715	643326	667754
2716	637013	716551
2717	637928	736516
2718	638524	716979
2719	641037	749494
2720	744175	824183
2721	630888	721150
2722	682697	691654
2723	643035	794315
2724	650554	749918
2725	590310	693864
2726	696877	774723
2727	639224	725980
2728	577546	721880
2729	568534	684407
2730	690850	689909
2731	615247	717251
2732	648244	757652
2733	614355	744609
2734	598498	733367
2735	636147	756083
2736	640146	716376
2737	623215	759842
2738	620171	682152
2739	625273	757065
2740	642302	720219
2741	640794	716774
2742	632199	677873
2743	677482	731155
2744	683887	763501
2745	571889	734967
2746	644095	713949
2747	674833	774365
2748	633990	715067
2749	588052	698231
2750	582502	734232
2751	629241	709064
2752	621793	691450
2753	564985	720790
2754	608073	717718
2755	649264	623529
2756	625470	711928
2757	635743	700164
2758	639458	695115
2759	657070	728343
2760	623562	815551
2761	628271	713663
2762	614013	717118
2763	664363	719884
2764	646682	778239
2765	643031	711746
2766	635888	714638
2767	637926	760128
2768	706465	730410
2769	598688	641355
2770	636357	710148
2771	619179	722481
2772	575423	679721
2773	644324	711134
2774	650187	695637
2775	594784	713427
2776	669413	626722
2777	638107	719254
2778	616146	714529
2779	600414	710999
2780	638239	720591
2781	621026	726987
2782	643758	642099
2783	631541	719940
2784	632907	723310
2785	556196	697263
2786	625338	753765
2787	608865	760275
2788	644289	714585
2789	654608	717068
2790	647933	681045
2791	600938	632401
2792	644141	714046
2793	652753	681903
2794	673086	711329
2795	677109	760072
2796	692705	734434
2797	661454	768233
2798	639972	713150
2799	641471	715828
2800	591801	614048
2801	643566	727250
2802	642738	714776
2803	645620	711331
2804	638646	715577
2805	639716	713819
2806	640123	716370
2807	636036	719743
2808	679473	830964
2809	614791	755467
2810	630101	718174
2811	600690	715512
2812	639919	716397
2813	591948	697390
2814	631587	656092
2815	633313	755930
2816	642079	712689
2817	638940	715883
2818	582307	680357
2819	741709	741282
2820	635638	728110
2821	681534	767969
2822	638626	722646
2823	643958	695240
2824	562522	643515
2825	676366	743485
2826	654027	722884
2827	648785	731624
2828	632325	718150
2829	632400	717327
2830	699585	703025
2831	643425	712951
2832	647952	692203
2833	644464	717988
2834	609497	690486
2835	624086	658572
2836	591266	693611
2837	644299	720467
2838	695676	689657
2839	719566	732237
2840	643481	712387
2841	621553	724972
2842	675171	644567
2843	642088	717688
2844	631286	738866
2845	598179	722745
2846	661574	646984
2847	597177	721927
2848	638644	718384
2849	675532	657020
2850	637237	710890
2851	627082	747118
2852	641684	622495
2853	610549	787508
2854	692090	719344
2855	594137	703143
2856	635109	757188
2857	635261	760734
2858	639214	723166
2859	657024	681096
2860	632584	729817
2861	575738	712438
2862	634015	748405
2863	640792	716461
2864	638930	750970
2865	595684	714098
2866	644682	714745
2867	687122	738565
2868	582189	696266
2869	662371	692744
2870	689387	732193
2871	631305	772757
2872	621234	756293
2873	647217	690066
2874	651002	770893
2875	599630	680197
2876	692902	724241
2877	635307	687584
2878	624302	673977
2879	597977	724431
2880	631749	686314
2881	586797	700555
2882	651464	674550
2883	644259	663182
2884	640577	744002
2885	694967	681439
2886	598907	762599
2887	603651	724290
2888	661592	678312
2889	628898	734733
2890	634058	735934
2891	651540	690618
2892	743595	771912
2893	642879	718910
2894	547785	707002
2895	657408	727645
2896	642638	702608
2897	667783	714977
2898	587867	711394
2899	673200	729390
2900	641257	715039
2901	644255	713073
2902	639626	719489
2903	597290	605851
2904	731514	795689
2905	631408	769161
2906	638880	702053
2907	620283	658094
2908	651419	667815
2909	639893	715879
2910	430958	399843
2911	288309	429308
2912	389692	397293
2913	380526	401970
2914	292021	390076
2915	324928	471447
2916	371433	385799
2917	377209	412253
2918	387305	387873
2919	369117	397361
2920	310010	399662
2921	370048	374155
2922	360551	355205
2923	268104	419269
2924	344883	383901
2925	354753	378429
2926	367537	392135
2927	353389	370521
2928	381174	352881
2929	410449	395441
2930	353786	443365
2931	373259	425038
2932	367991	414300
2933	424221	332081
2934	368967	393063
2935	373155	348025
2936	356869	407779
2937	421918	372834
2938	363808	379256
2939	318948	427185
2940	369319	393167
2941	441676	361920
2942	367443	386597
2943	343367	432603
2944	399464	396822
2945	367746	412765
2946	343712	387222
2947	330645	428927
2948	366129	390623
2949	368286	384336
2950	360144	423007
2951	442589	347988
2952	426703	307919
2953	355911	408576
2954	330703	388501
2955	319314	380972
2956	365073	439999
2957	365850	390295
2958	369301	398897
2959	365576	408520
2960	372873	380333
2961	314268	433123
2962	363186	405653
2963	407957	346707
2964	320065	449062
2965	448553	386656
2966	366440	394547
2967	370161	335319
2968	382560	400741
2969	374652	399152
2970	373050	380559
2971	340119	374760
2972	332999	468819
2973	368043	392456
2974	349724	389875
2975	355185	402533
2976	345337	367192
2977	398226	429400
2978	387524	382630
2979	358775	393808
2980	377224	415288
2981	374349	387203
2982	376056	389093
2983	370125	422037
2984	367014	393820
2985	381777	398466
2986	463226	372108
2987	362310	400633
2988	358405	437704
2989	398464	340720
2990	332650	380018
2991	310248	404023
2992	362438	399028
2993	441567	317507
2994	386106	399316
2995	331518	400351
2996	355079	406943
2997	385732	386672
2998	362249	399055
2999	358666	369179
3000	334983	444655
3001	396407	383762
3002	420275	394734
3003	491692	335511
3004	410085	382004
3005	361204	407569
3006	371227	425832
3007	434135	369029
3008	383912	396636
3009	374141	387057
3010	285057	398068
3011	366346	353823
3012	376299	422302
3013	428290	339225
3014	370173	377657
3015	347618	389340
3016	392049	421698
3017	356047	415080
3018	366133	381852
3019	399141	363105
3020	367907	393330
3021	382234	374317
3022	389870	359416
3023	363455	393835
3024	364705	393275
3025	422576	328431
3026	454855	338314
3027	362345	388691
3028	369261	362808
3029	351901	420388
3030	349531	407934
3031	428747	325439
3032	423706	326116
3033	353701	444532
3034	371602	391306
3035	340261	373503
3036	356193	425466
3037	368765	387791
3038	379895	442982
3039	354246	416218
3040	353782	372623
3041	361326	366997
3042	368932	390922
3043	365735	393981
3044	378943	368751
3045	392160	327855
3046	427432	397464
3047	367982	393206
3048	364036	409097
3049	344531	365263
3050	357000	421753
3051	369441	392952
3052	489693	353205
3053	367173	393741
3054	442860	361976
3055	433651	314903
3056	367478	393206
3057	369993	409013
3058	343270	362023
3059	358829	388192
3060	280484	412725
3061	379667	374359
3062	351611	456804
3063	348503	388328
3064	421443	415243
3065	378071	376634
3066	357600	357844
3067	456365	378763
3068	313559	440588
3069	368047	442140
3070	362095	375130
3071	411435	350026
3072	382507	407790
3073	400940	394734
3074	390136	373731
3075	460753	343011
3076	415242	393698
3077	342396	391351
3078	352868	389859
3079	277460	489953
3080	299780	465541
3081	365940	382162
3082	366415	382828
3083	305291	391982
3084	426977	370168
3085	375673	334323
3086	367277	402046
3087	459889	378512
3088	417706	382840
3089	298298	412540
3090	443267	354086
3091	442961	340392
3092	367754	393108
3093	361296	350811
3094	322284	366148
3095	380737	407473
3096	331877	398559
3097	366854	379273
3098	398340	320864
3099	350796	417352
3100	386988	366181
3101	374922	401941
3102	372656	413812
3103	407528	392953
3104	373317	372501
3105	413899	355953
3106	372904	398412
3107	380871	408007
3108	381376	377613
3109	366700	428246
3110	375047	419886
3111	369039	368296
3112	357287	426880
3113	351337	391989
3114	422686	391507
3115	322113	402088
3116	313827	453626
3117	366725	388304
3118	348020	368414
3119	345259	444293
3120	373422	398453
3121	375594	387963
3122	354488	384371
3123	354776	373819
3124	367020	431868
3125	343924	394943
3126	396363	342426
3127	368565	395000
3128	334752	421063
3129	357589	405480
3130	344657	412267
3131	354327	437800
3132	222541	517853
3133	374454	395268
3134	407287	396215
3135	358416	380452
3136	385765	393384
3137	380383	436027
3138	371335	373351
3139	369432	351894
3140	387426	417490
3141	318015	426565
3142	357073	452459
3143	428772	326127
3144	361333	397801
3145	502547	326866
3146	400453	373153
3147	454810	368218
3148	390831	423223
3149	379720	412464
3150	377959	390933
3151	360856	391213
3152	396309	431852
3153	379709	333917
3154	418477	330985
3155	433533	301452
3156	313258	420642
3157	371646	395045
3158	398572	370806
3159	366902	392557
3160	380779	374190
3161	348212	422593
3162	348347	406831
3163	386604	403766
3164	368841	393444
3165	379759	373200
3166	474000	373102
3167	305869	455262
3168	382235	404889
3169	354459	372458
3170	360152	349546
3171	323547	454905
3172	355229	393737
3173	343774	374746
3174	353121	391609
3175	398762	385070
3176	345068	427644
3177	409536	399697
3178	375052	374682
3179	346936	396623
3180	488198	321077
3181	363473	411857
3182	370698	404478
3183	366118	405813
3184	347698	375328
3185	374102	376481
3186	366822	387881
3187	313542	382249
3188	406898	360586
3189	338836	392104
3190	282532	404029
3191	329281	383861
3192	367073	391036
3193	375745	410134
3194	363715	392813
3195	373658	379638
3196	382850	370992
3197	368491	394700
3198	338194	397747
3199	394127	373540
3200	329464	361453
3201	402219	389373
3202	366609	367590
3203	372599	393499
3204	250378	432191
3205	385749	377554
3206	407544	369095
3207	354255	411629
3208	367885	392222
3209	371499	426312
3210	380653	396567
3211	395810	409693
3212	297938	433375
3213	381179	414445
3214	437877	347481
3215	306945	480371
3216	316990	373690
3217	392894	402564
3218	355056	436711
3219	346323	383200
3220	375671	422534
3221	359173	399693
3222	348403	367914
3223	391934	357410
3224	382289	412552
3225	359234	385642
3226	350137	390854
3227	433131	354612
3228	414002	404047
3229	313426	373193
3230	365893	395684
3231	352861	404254
3232	423259	413108
3233	342536	385968
3234	378734	360574
3235	324529	411839
3236	341410	388137
3237	382313	353149
3238	310836	453367
3239	305482	426633
3240	368911	387905
3241	415434	378044
3242	355387	401760
3243	400394	380796
3244	433951	333853
3245	370049	391721
3246	361416	396369
3247	382069	429732
3248	377351	397813
3249	374602	414232
3250	391042	431684
3251	305056	468145
3252	374829	382877
3253	377098	347754
3254	393767	397550
3255	144268	276753
3256	215028	220479
3257	153160	241301
3258	204085	181687
3259	148601	267824
3260	150396	243417
3261	75053	198882
3262	160715	202648
3263	149811	261597
3264	137141	205921
3265	179778	277955
3266	165119	242674
3267	135664	249619
3268	157148	244335
3269	150545	140302
3270	172609	209554
3271	141123	227935
3272	177806	154620
3273	96693	226847
3274	159801	255188
3275	158279	306457
3276	106594	298013
3277	164852	249505
3278	178416	232560
3279	157237	214768
3280	119152	233480
3281	150318	246184
3282	150718	240605
3283	119669	227422
3284	112325	286166
3285	140863	217226
3286	114710	237058
3287	150277	238132
3288	260493	232066
3289	192924	285957
3290	157361	236655
3291	120477	343024
3292	167164	191976
3293	217034	193419
3294	156209	240252
3295	192247	242718
3296	162975	233798
3297	165909	230495
3298	95532	259570
3299	170130	205170
3300	176560	202712
3301	163715	316643
3302	116514	334971
3303	205220	178756
3304	170867	249578
3305	123642	285790
3306	160154	247973
3307	142910	232333
3308	72590	266630
3309	194651	259000
3310	217323	208526
3311	167022	245603
3312	172229	208129
3313	153365	176988
3314	140479	249911
3315	122241	215836
3316	153113	210707
3317	217418	274869
3318	134197	229036
3319	150866	251334
3320	88899	193473
3321	133925	284607
3322	166422	235921
3323	203424	155150
3324	169129	246178
3325	204581	229675
3326	175763	259085
3327	148822	224002
3328	145445	241063
3329	90601	251094
3330	94069	310203
3331	134257	281279
3332	210968	268894
3333	72179	193748
3334	162440	248306
3335	158466	255685
3336	108151	255519
3337	190921	241361
3338	129364	269179
3339	142602	169045
3340	157863	234771
3341	126120	302129
3342	188602	207706
3343	140044	236985
3344	139681	279210
3345	176697	232285
3346	165098	235353
3347	185138	253839
3348	177499	229724
3349	99933	167407
3350	88352	153257
3351	157112	237132
3352	163478	206806
3353	201618	230336
3354	173603	280590
3355	141639	249631
3356	220177	221674
3357	138443	274842
3358	118564	178036
3359	127565	288773
3360	231852	300137
3361	131034	236016
3362	126159	254707
3363	130423	177562
3364	153854	219971
3365	149485	221996
3366	183658	234419
3367	187411	351115
3368	126009	263298
3369	187212	296109
3370	178011	245705
3371	158055	169233
3372	117834	270265
3373	156732	235033
3374	193316	188676
3375	171343	274816
3376	107689	282750
3377	155227	237869
3378	212672	226100
3379	134601	255747
3380	152195	242436
3381	141439	241858
3382	132333	232073
3383	141096	255435
3384	138027	196894
3385	107048	276231
3386	110917	233442
3387	77867	176841
3388	81578	203212
3389	118882	213794
3390	138610	243160
3391	95940	250198
3392	138317	230431
3393	144487	220569
3394	159080	210722
3395	104076	237987
3396	55608	239370
3397	134715	256643
3398	184201	211156
3399	210080	198044
3400	86195	286968
3401	151352	235918
3402	140740	224652
3403	152045	242628
3404	139565	215381
3405	95382	115668
3406	166485	289645
3407	145886	232715
3408	145425	222404
3409	167320	227937
3410	109106	241177
3411	169442	218850
3412	190466	314935
3413	126749	322037
3414	109019	276837
3415	143826	252240
3416	178464	289072
3417	141114	230663
3418	179963	233787
3419	179359	286852
3420	178752	236631
3421	99921	285370
3422	207806	208222
3423	143261	243324
3424	137960	272533
3425	161853	241439
3426	154899	236738
3427	89002	185590
3428	134534	234174
3429	70828	255798
3430	171329	274604
3431	211070	193909
3432	217828	243464
3433	151151	176449
3434	126725	255892
3435	126583	234454
3436	184909	210754
3437	157310	236360
3438	169498	251197
3439	159645	274415
3440	93068	223040
3441	129344	161493
3442	130695	281841
3443	136174	240128
3444	134700	198782
3445	138929	241622
3446	213522	187354
3447	204276	205249
3448	125172	193445
3449	64731	278881
3450	157125	223822
3451	199017	249218
3452	167454	212223
3453	152798	242467
3454	116915	275546
3455	78353	241479
3456	167047	244425
3457	181967	256901
3458	239215	155684
3459	118884	300452
3460	144797	230297
3461	158439	178226
3462	97247	293648
3463	129442	217878
3464	142200	219871
3465	249815	202233
3466	176211	249367
3467	162487	231383
3468	104953	265999
3469	128774	261335
3470	145002	258062
3471	109749	144848
3472	178163	282559
3473	192408	212255
3474	161407	246483
3475	206830	228445
3476	152402	233954
3477	140787	235320
3478	117830	176866
3479	129627	230607
3480	197192	249867
3481	141613	249308
3482	181453	220148
3483	144536	253350
3484	161938	250969
3485	112734	194495
3486	177061	241238
3487	140450	251264
3488	156436	244401
3489	118868	263809
3490	166469	246603
3491	179324	260539
3492	146316	205253
3493	160154	250907
3494	160139	234540
3495	130096	194244
3496	143466	232632
3497	136755	258715
3498	108243	264050
3499	156705	234233
3500	218453	238844
3501	110620	274173
3502	153221	241288
3503	179316	221508
3504	151670	241288
3505	134525	261281
3506	128299	180061
3507	86068	184431
3508	161133	256386
3509	196438	340934
3510	170508	258328
3511	174802	321458
3512	171073	270912
3513	89431	369980
3514	160989	246559
3515	172444	256387
3516	200338	193361
3517	154432	244349
3518	180319	219849
3519	78660	284471
3520	133488	208631
3521	166700	273767
3522	158204	258609
3523	58050	223469
3524	152867	264083
3525	157309	236777
3526	181862	227140
3527	186828	189533
3528	171811	227066
3529	165450	229776
3530	122772	264058
3531	151892	241676
3532	187798	303030
3533	190235	167285
3534	242760	167858
3535	156000	378411
3536	205888	280170
3537	95867	259419
3538	149794	238544
3539	101638	178019
3540	222802	198503
3541	159533	251379
3542	112948	282360
3543	144335	229546
3544	206896	367899
3545	158471	216252
3546	120858	240853
3547	152032	231945
3548	211131	188011
3549	182784	269055
3550	153178	241337
3551	170985	209026
3552	80076	288020
3553	167873	252058
3554	137936	246518
3555	133709	226030
3556	166457	390762
3557	158813	243350
3558	197453	333526
3559	157360	233258
3560	143594	273441
3561	191229	241672
3562	180427	312249
3563	84714	326665
3564	118712	286174
3565	92454	252582
3566	137294	229982
3567	160684	211150
3568	156631	278563
3569	167385	241304
3570	207906	252466
3571	190611	234816
3572	169463	303498
3573	124465	141723
3574	156822	248429
3575	188822	270818
3576	152202	241086
3577	199047	192628
3578	152263	236574
3579	93554	238027
3580	115519	247122
3581	153119	237198
3582	113310	243963
3583	149279	247411
3584	112451	173337
3585	160721	263397
3586	188587	270232
3587	150271	241545
3588	215675	181803
3589	181449	228007
3590	167088	231235
3591	154533	241892
3592	207478	236138
3593	228271	242563
3594	124311	264560
3595	147580	246081
3596	167270	256296
3597	137415	260085
3598	117982	238689
3599	176114	243137
3600	176353	239706
3601	324309	166872
3602	392529	133066
3603	387143	205819
3604	315686	148375
3605	372307	207143
3606	290748	129273
3607	376187	166773
3608	446211	212565
3609	339489	271530
3610	299636	118558
3611	384451	170208
3612	419623	170598
3613	365668	171196
3614	382703	171033
3615	357806	160668
3616	380679	162274
3617	384346	170473
3618	418415	105109
3619	417082	103373
3620	369556	142627
3621	379148	178654
3622	384167	222495
3623	371474	162477
3624	377275	221534
3625	372175	167867
3626	358783	228332
3627	336939	181660
3628	373227	166478
3629	365097	230323
3630	381537	180080
3631	458186	113406
3632	374600	209645
3633	327673	129969
3634	376760	167008
3635	317484	211236
3636	379919	130105
3637	375988	180698
3638	401736	201387
3639	383144	171907
3640	356265	117217
3641	388774	244098
3642	370912	141931
3643	386314	143500
3644	339875	161835
3645	300745	137979
3646	315895	239910
3647	327997	87427
3648	445579	86284
3649	371948	163895
3650	396379	192470
3651	354113	165421
3652	353798	153195
3653	363959	188656
3654	406938	130849
3655	437430	181780
3656	384473	174377
3657	324275	247659
3658	449926	204896
3659	348218	120268
3660	377887	170109
3661	314123	150422
3662	426060	229744
3663	381016	196248
3664	406482	161657
3665	409685	193186
3666	332142	182153
3667	384154	220169
3668	334035	188917
3669	327787	130075
3670	346232	146996
3671	380792	139922
3672	427578	177762
3673	419953	185219
3674	419059	130129
3675	400952	138241
3676	392566	190754
3677	462778	136346
3678	471311	217409
3679	389739	157850
3680	411767	144858
3681	393737	128932
3682	347554	178758
3683	417370	195374
3684	388369	164872
3685	379440	166059
3686	383959	186043
3687	386770	157312
3688	420415	91904
3689	384982	163647
3690	317168	199452
3691	336851	155364
3692	391415	152720
3693	371094	153053
3694	522544	137289
3695	407582	202582
3696	436631	230033
3697	435566	231374
3698	435061	194635
3699	398527	261527
3700	427239	152272
3701	371277	155889
3702	383801	170340
3703	347681	289055
3704	448694	47368
3705	421379	160869
3706	385673	169869
3707	422831	251615
3708	416238	192639
3709	379165	260170
3710	341606	259863
3711	330988	86975
3712	320580	219080
3713	333078	148391
3714	289908	149141
3715	366903	161264
3716	384297	171363
3717	371268	193531
3718	490336	221064
3719	403773	182381
3720	480223	55835
3721	398964	173756
3722	275627	161147
3723	369463	220974
3724	450073	177505
3725	396190	147633
3726	406794	150921
3727	400621	160003
3728	381401	174018
3729	367783	166713
3730	388432	168860
3731	421673	187031
3732	361441	267667
3733	405321	93925
3734	362859	140340
3735	410227	150096
3736	377272	194047
3737	452280	139126
3738	450967	176620
3739	347447	148710
3740	395987	245761
3741	410961	120335
3742	380302	176495
3743	319129	144332
3744	385852	170306
3745	311535	237816
3746	403237	111727
3747	389402	186417
3748	349659	200811
3749	357067	228645
3750	381908	166627
3751	335007	163172
3752	466808	91885
3753	383098	197737
3754	415473	169652
3755	314744	225931
3756	499307	154563
3757	378768	174147
3758	315741	217498
3759	320205	77799
3760	428704	180614
3761	447572	53060
3762	381417	196059
3763	369981	171667
3764	373934	188477
3765	407377	137230
3766	376694	122124
3767	408743	189687
3768	398862	263806
3769	315020	136275
3770	363062	183527
3771	415598	205574
3772	431485	262317
3773	384716	158270
3774	258058	128022
3775	419444	90106
3776	416055	67530
3777	431595	180243
3778	366563	191234
3779	383281	171914
3780	379318	176389
3781	442124	209435
3782	385730	171445
3783	421081	221014
3784	378502	163622
3785	297048	101607
3786	365855	252039
3787	393512	161575
3788	410957	221824
3789	374007	187428
3790	394944	157785
3791	387348	180311
3792	382178	155097
3793	332667	214384
3794	449317	196617
3795	404216	111800
3796	387186	135113
3797	347557	158156
3798	382759	171586
3799	369029	123002
3800	378625	249367
3801	337323	153842
3802	335931	124718
3803	351200	132320
3804	322396	143900
3805	501524	230383
3806	367727	210909
3807	365188	129186
3808	324229	84269
3809	398198	120744
3810	355738	167184
3811	473358	193356
3812	359623	134249
3813	323785	163777
3814	412271	170051
3815	268856	125508
3816	488127	73846
3817	456008	152027
3818	390219	125573
3819	340581	177805
3820	384504	169198
3821	362809	218290
3822	418831	166964
3823	312620	128354
3824	397307	123704
3825	349086	234634
3826	317879	174292
3827	245149	194500
3828	375253	187800
3829	393522	164490
3830	347695	244892
3831	417851	192549
3832	412031	164238
3833	379846	169598
3834	395523	141719
3835	384788	189119
3836	465103	157136
3837	468731	210114
3838	362092	247796
3839	362468	150201
3840	407639	120077
3841	397343	153175
3842	384837	172478
3843	405331	159359
3844	367235	174957
3845	395670	191264
3846	434308	199361
3847	389161	136652
3848	383988	178244
3849	311758	252287
3850	383970	165366
3851	477137	240884
3852	352937	230817
3853	284790	244142
3854	443311	196574
3855	333026	165580
3856	394655	181031
3857	330382	153977
3858	367560	147850
3859	375807	185732
3860	378928	174316
3861	336010	167968
3862	406336	247772
3863	340731	216574
3864	313534	177100
3865	393850	177311
3866	367053	169223
3867	370731	217636
3868	346571	199979
3869	403350	202060
3870	419675	270196
3871	420792	118135
3872	373006	107399
3873	382581	170223
3874	384609	54012
3875	316803	200542
3876	376396	94732
3877	386894	173014
3878	396705	169234
3879	431912	249597
3880	423790	102588
3881	360592	122445
3882	359366	168012
3883	321033	143579
3884	250509	205550
3885	343627	94437
3886	341558	198301
3887	408971	145233
3888	346779	170130
3889	378387	167830
3890	384041	224520
3891	382405	147099
3892	283138	165543
3893	390622	201028
3894	376910	210774
3895	395684	97584
3896	297671	187003
3897	321709	148954
3898	379314	167656
3899	379248	167362
3900	382523	178187
3901	348981	234016
3902	437103	171393
3903	434398	167620
3904	255437	122871
3905	410652	127303
3906	381805	172420
3907	302586	130972
3908	267638	147474
3909	381168	171473
3910	416489	50189
3911	424799	231862
3912	428477	165087
3913	456038	93573
3914	395332	111806
3915	383852	170166
3916	370610	147161
3917	285347	153194
3918	378828	190396
3919	419201	104680
3920	381125	170852
3921	481461	203506
3922	431201	111664
3923	335392	229987
3924	410952	118990
3925	325737	254683
3926	331642	165854
3927	300459	113094
3928	387961	167666
3929	356742	225013
3930	381730	145451
3931	377484	175687
3932	400677	223791
3933	393882	239136
3934	399358	171270
3935	405210	133109
3936	337108	83449
3937	443587	152112
3938	405666	198024
3939	370216	205730
3940	416550	159829
3941	426682	230705
3942	406297	126069
3943	405135	204915
3944	522950	187488
3945	376199	179596
3946	367328	188897
3947	489999	115960
3948	469611	151547
3949	402472	181925
3950	470097	94135
3951	193976	466934
3952	116068	503065
3953	179170	450947
3954	239399	487248
3955	175141	429305
3956	185554	434810
3957	214888	484690
3958	196648	416994
3959	160305	394216
3960	183349	487663
3961	200019	384934
3962	180840	474871
3963	175405	508827
3964	246857	488735
3965	197194	481989
3966	217949	527498
3967	187781	427393
3968	223691	478348
3969	191025	490542
3970	203772	458937
3971	209822	531578
3972	230810	547100
3973	199421	483456
3974	195252	522133
3975	303980	470710
3976	173988	455711
3977	199406	456574
3978	205687	445296
3979	202835	478415
3980	215604	512440
3981	191688	447845
3982	190613	495384
3983	148258	485289
3984	155194	422051
3985	210204	525598
3986	194627	468993
3987	195311	426719
3988	220485	476955
3989	262124	479518
3990	242161	449104
3991	198783	498912
3992	86540	451279
3993	182432	490648
3994	261239	581019
3995	253427	445328
3996	195620	477082
3997	202207	479931
3998	139564	477653
3999	159617	481789
4000	198662	485279
4001	148817	490709
4002	261777	449512
4003	229571	468642
4004	200774	475929
4005	202978	462888
4006	209431	477977
4007	173870	439927
4008	201886	496789
4009	189436	437132
4010	255857	430030
4011	188410	501222
4012	168864	579328
4013	255828	478990
4014	152956	441383
4015	179241	525024
4016	198499	480155
4017	213033	483227
4018	247887	490688
4019	212347	497214
4020	197063	502985
4021	225141	548853
4022	138455	477812
4023	132194	462964
4024	201000	456681
4025	158263	450148
4026	296963	593992
4027	212535	399283
4028	196219	546145
4029	234027	466171
4030	227939	492292
4031	196611	486659
4032	206478	462675
4033	176242	465851
4034	205360	492467
4035	218312	438775
4036	301032	516000
4037	239343	454590
4038	166393	440292
4039	195075	469091
4040	143075	437733
4041	160730	523610
4042	198069	463514
4043	194254	417690
4044	190635	481768
4045	197940	481653
4046	196899	477707
4047	221127	508740
4048	189487	547982
4049	191828	525232
4050	294075	453844
4051	198257	480497
4052	239984	460027
4053	144547	420258
4054	302288	466144
4055	198791	480844
4056	194517	477731
4057	191177	482830
4058	198985	479824
4059	197246	411856
4060	223989	441680
4061	195332	480182
4062	159936	443827
4063	214288	513897
4064	206631	507254
4065	243030	446886
4066	188413	435252
4067	193321	566701
4068	244130	414445
4069	197688	484429
4070	273852	551838
4071	160746	461333
4072	234648	482266
4073	185695	482916
4074	186777	505284
4075	223398	460737
4076	297119	499959
4077	178668	531094
4078	220692	476919
4079	230245	466335
4080	228145	482175
4081	198899	480366
4082	151885	503999
4083	197471	484823
4084	112404	489076
4085	168004	549080
4086	227835	483010
4087	239740	424128
4088	115102	459087
4089	241978	480371
4090	278073	483582
4091	219757	518928
4092	171338	439516
4093	237604	476481
4094	202770	472812
4095	195166	438443
4096	129720	517525
4097	202925	469511
4098	230772	469300
4099	159804	476714
4100	183251	535289
4101	204922	518652
4102	195774	403038
4103	246300	568375
4104	193983	401930
4105	195160	507267
4106	196946	479525
4107	201667	504296
4108	196600	470516
4109	204139	466726
4110	214167	475347
4111	245529	390666
4112	203104	552398
4113	200143	490065
4114	196467	449257
4115	227558	466736
4116	224955	490913
4117	172659	522356
4118	158410	508695
4119	196559	477755
4120	181029	454595
4121	197727	480121
4122	198644	480974
4123	200140	474888
4124	232184	485341
4125	217789	449324
4126	239416	395424
4127	149862	503958
4128	218183	412583
4129	323355	502122
4130	233204	388471
4131	211422	492799
4132	140606	419729
4133	214112	548157
4134	193996	488095
4135	189760	444553
4136	172246	511422
4137	140454	557008
4138	229232	564886
4139	163899	505525
4140	204501	486492
4141	149313	408879
4142	158148	499972
4143	107935	451945
4144	154221	438519
4145	170432	511098
4146	150652	432587
4147	200360	480447
4148	234007	516904
4149	188695	514970
4150	203490	442567
4151	174153	442752
4152	199381	476054
4153	203633	447281
4154	175493	482614
4155	99813	428022
4156	163423	383935
4157	200013	481618
4158	88506	502797
4159	206626	478104
4160	259424	476627
4161	155343	516597
4162	208270	463405
4163	205094	483558
4164	191973	482208
4165	211306	483512
4166	217247	485987
4167	175188	479904
4168	191810	449616
4169	223455	546549
4170	206782	478746
4171	203563	488698
4172	200876	478805
4173	166462	454457
4174	211995	480257
4175	219520	412301
4176	199368	473878
4177	192430	489582
4178	275894	533657
4179	198880	480107
4180	138652	526721
4181	140287	486323
4182	231466	480405
4183	217147	569908
4184	202569	500562
4185	240702	481487
4186	223603	548356
4187	200135	490468
4188	128387	507579
4189	194579	520711
4190	171176	460818
4191	252791	499541
4192	255951	476774
4193	72299	457319
4194	182053	420973
4195	195201	548596
4196	179395	462021
4197	199987	477783
4198	177349	471828
4199	246216	485898
4200	144872	526271
4201	208245	528186
4202	212929	476235
4203	198303	478619
4204	236017	425005
4205	176880	523485
4206	206305	421383
4207	201326	482431
4208	258124	486502
4209	217018	426482
4210	273278	521295
4211	198750	480303
4212	145765	456046
4213	181856	437451
4214	199052	468573
4215	199060	519100
4216	236709	462772
4217	254439	452536
4218	230038	443325
4219	213886	507374
4220	232585	471301
4221	218008	441898
4222	200781	433484
4223	248689	480565
4224	159550	522440
4225	217445	489534
4226	188990	462950
4227	275338	518305
4228	142031	499068
4229	180686	500459
4230	187954	479951
4231	202125	480082
4232	200037	507487
4233	174201	485398
4234	170015	509672
4235	209896	429839
4236	184785	507380
4237	232863	540748
4238	184344	480367
4239	130249	440857
4240	202232	463212
4241	234863	467401
4242	195714	519850
4243	288118	457260
4244	223793	476545
4245	213032	463777
4246	183422	516062
4247	202345	579776
4248	239169	532939
4249	229079	487858
4250	205752	461182
4251	134918	476102
4252	175279	448672
4253	204913	479550
4254	319580	486040
4255	285927	435850
4256	215692	527808
4257	202601	484452
4258	198959	497158
4259	214243	482053
4260	206374	508699
4261	251780	484761
4262	199114	469623
4263	178962	471635
4264	226735	562622
4265	187597	433963
4266	239940	461885
4267	155510	462922
4268	101403	505387
4269	105815	441254
4270	187336	425848
4271	116999	471084
4272	242331	505895
4273	176787	455252
4274	142364	533947
4275	199221	435815
4276	200452	517402
4277	239708	522698
4278	164993	522126
4279	161184	475700
4280	201596	548073
4281	203880	449456
4282	213506	438923
4283	153590	506320
4284	170862	447677
4285	256158	478779
4286	206008	462381
4287	249490	508893
4288	181318	475716
4289	263208	456092
4290	127672	408101
4291	241504	523137
4292	215615	565032
4293	192757	484550
4294	206525	490555
4295	144734	458218
4296	199536	515450
4297	196724	365062
4298	219621	438976
4299	207918	477087
4300	219747	434052
4301	450376	816291
4302	643695	909929
4303	513426	832807
4304	561470	838605
4305	470156	827622
4306	473019	937335
4307	523563	866647
4308	459347	974808
4309	527918	854003
4310	506133	894175
4311	495857	849038
4312	501212	852751
4313	573975	888425
4314	507544	790383
4315	415628	873116
4316	590381	824899
4317	532237	848909
4318	422566	847296
4319	408082	859669
4320	502990	788494
4321	500902	848367
4322	429212	863488
4323	543340	835652
4324	504986	872830
4325	616298	876882
4326	505927	850461
4327	520952	823921
4328	538713	919722
4329	516573	820716
4330	458668	829289
4331	483186	948249
4332	506023	816501
4333	518139	834426
4334	498834	833679
4335	438083	867968
4336	494152	844007
4337	635681	888274
4338	473080	838594
4339	534311	832766
4340	503794	891279
4341	476569	881867
4342	439622	837804
4343	499363	847874
4344	483561	794044
4345	492321	864579
4346	515782	888687
4347	552379	787471
4348	463759	841362
4349	505785	840179
4350	508569	826431
4351	499171	853840
4352	476609	896330
4353	462641	873096
4354	496157	858363
4355	587164	934503
4356	514518	840298
4357	490690	758774
4358	529301	777124
4359	431603	825661
4360	572003	759509
4361	521636	832236
4362	528492	823480
4363	495917	815492
4364	477106	823495
4365	505263	858709
4366	479632	713435
4367	469430	847522
4368	505676	855482
4369	562175	850937
4370	522504	796625
4371	525795	842177
4372	508059	874463
4373	473545	896739
4374	434368	826882
4375	521395	853079
4376	584694	741699
4377	520295	807801
4378	480110	852464
4379	508158	831738
4380	550441	853275
4381	557961	864098
4382	643300	889478
4383	475506	843930
4384	479884	857319
4385	502242	852244
4386	502351	863779
4387	481199	913425
4388	537938	833179
4389	498589	857019
4390	612759	849113
4391	524872	796043
4392	562523	815120
4393	542975	888547
4394	476108	846865
4395	565882	872224
4396	413779	860495
4397	556015	865374
4398	532763	857579
4399	510525	854845
4400	488176	860062
4401	495576	837634
4402	508142	844721
4403	514284	861453
4404	510709	752675
4405	469823	911565
4406	502256	852343
4407	528155	854950
4408	500100	841304
4409	526153	833774
4410	412690	929937
4411	501737	815574
4412	509827	831484
4413	507734	755168
4414	455050	984555
4415	480379	863197
4416	488959	847615
4417	485918	817710
4418	470338	804745
4419	507276	845292
4420	502074	829675
4421	513205	759054
4422	441764	814172
4423	496683	830454
4424	521690	746222
4425	564170	918516
4426	485910	849177
4427	524149	931853
4428	505400	861421
4429	506741	850046
4430	591534	783441
4431	515997	873751
4432	445848	885139
4433	397186	887254
4434	522280	900528
4435	464920	910602
4436	485435	843624
4437	379310	889954
4438	505652	839474
4439	625028	822992
4440	503413	819127
4441	515069	748957
4442	507885	839875
4443	522567	792215
4444	545646	813736
4445	610348	846411
4446	529259	850232
4447	517047	713630
4448	546459	790436
4449	543365	904861
4450	450428	829953
4451	538768	909837
4452	516826	850113
4453	502376	856153
4454	493152	866277
4455	504920	856370
4456	504757	839548
4457	542898	847721
4458	575447	860995
4459	494769	891864
4460	512529	835574
4461	452764	940358
4462	503256	853978
4463	552401	833620
4464	515374	882079
4465	584114	874080
4466	466353	827825
4467	478542	841814
4468	479170	727682
4469	531536	922446
4470	508991	860499
4471	482850	815711
4472	493348	887901
4473	544240	889837
4474	414927	896090
4475	487373	846570
4476	462933	932943
4477	475606	799550
4478	496155	910586
4479	403645	871486
4480	513654	936427
4481	515828	956802
4482	467652	824538
4483	427575	798302
4484	476553	829160
4485	527192	736133
4486	502310	852904
4487	530619	748262
4488	452581	845431
4489	479539	846564
4490	484034	788380
4491	548813	860446
4492	580929	898980
4493	515534	807888
4494	513838	834007
4495	514390	894483
4496	518209	856606
4497	425108	774062
4498	508891	848640
4499	518054	861726
4500	484465	877825
4501	562629	852913
4502	507153	823797
4503	527261	890065
4504	469521	830789
4505	486687	733342
4506	490820	921524
4507	638317	865885
4508	502926	825050
4509	548182	705992
4510	467795	839934
4511	476625	888878
4512	581105	890570
4513	412449	793220
4514	550636	965047
4515	605362	751027
4516	524361	884086
4517	488888	879135
4518	548299	798883
4519	588843	932637
4520	619175	879052
4521	551682	936270
4522	505091	849701
4523	475000	895609
4524	480797	860745
4525	546362	873309
4526	488565	975112
4527	501698	831126
4528	505021	726692
4529	431366	787771
4530	520529	876846
4531	401212	788368
4532	498738	834644
4533	556979	810845
4534	498119	896858
4535	423086	768377
4536	506518	881060
4537	615730	897214
4538	521103	869232
4539	381710	832840
4540	511736	833318
4541	566914	898531
4542	498611	876539
4543	518467	815376
4544	560398	858597
4545	567373	803693
4546	521405	871844
4547	536191	865868
4548	532076	850252
4549	555705	862777
4550	503241	852684
4551	502156	829132
4552	499798	837656
4553	526676	841883
4554	497478	757225
4555	526699	865254
4556	500653	886231
4557	504530	849944
4558	449734	785924
4559	505796	823492
4560	514165	906736
4561	477278	877447
4562	443237	882193
4563	498289	848510
4564	505522	850803
4565	533127	916539
4566	484075	839356
4567	507711	856666
4568	520963	822493
4569	501370	864849
4570	440078	833239
4571	593226	781983
4572	471182	869337
4573	496356	803174
4574	506451	847498
4575	433464	883410
4576	481888	893156
4577	555325	838425
4578	441043	876786
4579	506361	849295
4580	575185	935592
4581	510223	792220
4582	506392	848910
4583	564834	780899
4584	589897	941206
4585	482586	843438
4586	481076	829392
4587	538191	932212
4588	395369	828639
4589	496032	926742
4590	481474	871803
4591	556221	913466
4592	511941	853424
4593	571258	821716
4594	493898	844618
4595	500493	869961
4596	496296	868696
4597	488885	735886
4598	528199	802723
4599	539298	922257
4600	448428	834284
4601	526968	829516
4602	486881	821631
4603	530691	762951
4604	504864	934701
4605	514276	872348
4606	472112	875729
4607	550236	872578
4608	575324	879376
4609	392033	823599
4610	455117	876848
4611	495266	751064
4612	487694	918895
4613	569349	910654
4614	516172	768548
4615	470349	927142
4616	485986	856899
4617	419278	899709
4618	458254	879596
4619	516267	878495
4620	447591	830282
4621	617652	861982
4622	517539	835591
4623	505187	859610
4624	532906	914431
4625	408289	861785
4626	628304	830166
4627	508713	865731
4628	517573	851376
4629	549708	797995
4630	506289	849475
4631	554892	894455
4632	540909	838794
4633	503244	848895
4634	493875	910246
4635	489188	946136
4636	438438	892843
4637	410303	843439
4638	494940	833708
4639	491899	851353
4640	548342	868462
4641	507531	899483
4642	393173	789567
4643	602975	710351
4644	512285	845153
4645	573823	892508
4646	490921	850997
4647	421117	856944
4648	531821	734902
4649	512196	836851
4650	442893	865096
4651	690463	149879
4652	668677	183298
4653	697702	156531
4654	691631	144621
4655	679407	150454
4656	654771	162467
4657	683484	168338
4658	677185	148777
4659	780592	121631
4660	697883	142272
4661	563939	173561
4662	715280	140877
4663	722253	219040
4664	679527	149337
4665	697583	142806
4666	689942	188593
4667	687368	141059
4668	656341	159600
4669	685842	165938
4670	662550	109202
4671	719153	169799
4672	732311	143631
4673	673930	138135
4674	664133	147952
4675	673300	159607
4676	652567	151462
4677	682676	151755
4678	681442	151383
4679	691458	151504
4680	651823	81049
4681	677231	150206
4682	643829	155707
4683	716979	191497
4684	683894	148711
4685	624063	141674
4686	658965	155481
4687	733848	166546
4688	690480	168208
4689	685015	135630
4690	741780	171930
4691	754807	167620
4692	647825	243066
4693	592183	159948
4694	661985	177902
4695	671646	152043
4696	662714	169521
4697	668866	148632
4698	558180	151040
4699	683369	151313
4700	717548	124671
4701	622499	168680
4702	689323	116935
4703	713353	157931
4704	683239	149348
4705	647532	156766
4706	732916	148343
4707	642076	201050
4708	707027	154812
4709	796983	183367
4710	705459	126710
4711	670083	103021
4712	757342	135491
4713	669550	65346
4714	793457	238456
4715	642377	136904
4716	677327	159848
4717	593844	153425
4718	574968	97162
4719	698186	111102
4720	600295	71930
4721	642772	102865
4722	678949	164706
4723	708597	221290
4724	657575	156409
4725	633848	147091
4726	672056	142388
4727	713592	135254
4728	770236	154395
4729	668296	125525
4730	718568	71349
4731	652616	142867
4732	712847	193622
4733	681879	276821
4734	718785	108406
4735	642363	204723
4736	681763	132407
4737	678450	154321
4738	639487	91517
4739	682629	194496
4740	709862	91457
4741	676086	153954
4742	684615	150066
4743	620515	179428
4744	806582	120349
4745	673217	150543
4746	648389	156328
4747	685914	146709
4748	598105	175902
4749	679621	152580
4750	675420	179180
4751	794373	93690
4752	658164	175179
4753	707042	78083
4754	678267	173148
4755	621220	173260
4756	678193	159552
4757	693848	147266
4758	672934	154899
4759	818071	89188
4760	775194	114940
4761	678022	152357
4762	672497	153815
4763	662456	125590
4764	665597	154475
4765	682931	185745
4766	642009	77916
4767	654737	93785
4768	624060	187729
4769	677223	149053
4770	687052	186012
4771	706705	218618
4772	679836	149044
4773	656937	133869
4774	706546	188725
4775	668478	99124
4776	685916	91510
4777	671623	149396
4778	656189	157681
4779	663379	156097
4780	679229	81640
4781	681830	152172
4782	667179	215585
4783	680500	157953
4784	682074	108238
4785	668586	177296
4786	607280	179752
4787	683552	118463
4788	766989	210310
4789	706391	175549
4790	719865	202142
4791	677886	155892
4792	672422	131767
4793	749844	201341
4794	667974	175547
4795	681850	151037
4796	693591	139764
4797	737036	156973
4798	687759	129513
4799	684521	179726
4800	683348	177770
4801	652325	155140
4802	712504	156892
4803	720773	163609
4804	687347	148959
4805	619265	159786
4806	615920	193133
4807	667678	94631
4808	664033	142907
4809	579218	185160
4810	653925	176549
4811	685345	135449
4812	690189	111767
4813	708383	149749
4814	695473	165240
4815	676692	188493
4816	667652	126036
4817	677078	132386
4818	681996	216660
4819	635087	80051
4820	696918	197717
4821	683291	149522
4822	673440	144134
4823	701220	230734
4824	564000	181476
4825	679826	139538
4826	662924	131650
4827	687774	163459
4828	674941	149054
4829	756744	186641
4830	627932	208771
4831	652186	169245
4832	655328	164304
4833	674423	154549
4834	660252	133558
4835	684409	134153
4836	555850	102064
4837	613181	100354
4838	612291	131433
4839	657706	234370
4840	693438	196453
4841	632710	114879
4842	677057	153715
4843	746042	142810
4844	671974	153389
4845	679136	131336
4846	716715	220700
4847	671234	158409
4848	680746	200342
4849	804946	103546
4850	677056	183240
4851	638282	152111
4852	629402	76143
4853	687189	179103
4854	669681	104687
4855	714789	126250
4856	702562	166037
4857	600692	137810
4858	716480	114681
4859	738184	129882
4860	699164	82665
4861	571664	102462
4862	725816	185419
4863	681691	156967
4864	719485	226327
4865	711218	153365
4866	614856	166633
4867	681942	154761
4868	623275	159513
4869	703611	110921
4870	711761	30810
4871	644798	170932
4872	594530	135125
4873	711441	151028
4874	691734	170125
4875	680136	141621
4876	658600	145858
4877	801580	145296
4878	689683	171742
4879	683193	153585
4880	680837	151558
4881	740889	181094
4882	612778	203817
4883	717872	166783
4884	662262	140834
4885	681528	158990
4886	664522	160542
4887	633551	85041
4888	684997	142145
4889	766390	136325
4890	681368	149140
4891	681904	144500
4892	709105	133447
4893	684997	149133
4894	682796	151632
4895	699896	215918
4896	699959	252510
4897	647531	141172
4898	790379	124778
4899	698677	193999
4900	742129	270133
4901	614997	177880
4902	649678	161459
4903	601734	144339
4904	724614	138599
4905	700901	194797
4906	643840	160218
4907	633618	163883
4908	682740	86719
4909	625505	161105
4910	685117	197270
4911	766199	98597
4912	661047	153301
4913	652165	79194
4914	657801	202396
4915	664616	149256
4916	635545	112464
4917	702600	190565
4918	686639	180824
4919	631767	57013
4920	661702	137957
4921	668373	149140
4922	726918	196388
4923	667570	150571
4924	678340	157887
4925	727884	170680
4926	598444	128607
4927	639543	175797
4928	723796	62508
4929	648471	170651
4930	675239	111718
4931	634845	169936
4932	751629	124830
4933	695776	153906
4934	696541	76765
4935	681029	85739
4936	650420	126495
4937	674937	133330
4938	747500	156957
4939	741128	136045
4940	681418	124207
4941	689550	157674
4942	583560	177962
4943	681298	260543
4944	727437	153320
4945	705610	210789
4946	773813	122606
4947	696924	142544
4948	704341	80054
4949	658326	89322
4950	624872	164531
4951	684328	110806
4952	720486	163061
4953	636647	115607
4954	717636	183845
4955	668755	99020
4956	688632	233498
4957	679675	145741
4958	694249	155386
4959	596920	227343
4960	690616	104291
4961	646177	104106
4962	705536	115821
4963	724820	215936
4964	645996	145443
4965	748015	151821
4966	760914	192907
4967	691985	108366
4968	678169	135317
4969	669680	150259
4970	666026	147594
4971	755003	213005
4972	675240	149486
4973	669678	150746
4974	681505	154335
4975	689690	171661
4976	637108	97030
4977	605453	254051
4978	742536	166238
4979	658991	173695
4980	711412	107533
4981	660134	151166
4982	683307	150877
4983	590184	126021
4984	736755	200563
4985	684074	160944
4986	714990	176425
4987	694213	130114
4988	664295	133073
4989	772586	123935
4990	603939	77113
4991	683960	119495
4992	767245	217478
4993	651105	142940
4994	686589	168480
4995	673973	147000
4996	633450	201336
4997	662080	25631
4998	706472	171207
4999	659128	142611
5000	665898	98088
