ID ME16distance_608w ME16distance_280w ME16distance_18Bor ME16distance_280w+18Bor ME12distance_608w ME12distance_280w ME12distance_18Bor ME12distance_280w+18Bor EUrdistance_280w EUrdistance_18Bor EUrdistance_280w+18Bor links/N theta_0 theta_edu theta_age theta_gender theta_dist theta_income ME16h_edu ME16h_age ME16h_gender ME16h_income ME12h_edu ME12h_age ME12h_gender ME12h_income EUrh_edu EUrh_age EUrh_gender EUrh_income ME16beta ME12beta EUrbeta ME16J ME12J EUrJ
0 0.404954345129 0.422071827026 0.371491825121 0.394785247051 0.139016512919 0.127269005623 0.11914617993 0.12288695492 0.116245007541 0.0953506782918 0.104973066762 0.577888370713 14.0 4.81813411282 -0.745905119654 5.22720739044 0.902225976649 -0.877573360813 0.44 -2.30916777162 0.999194254537 -0.718097260139 0.44 -1.56637512154 1.69077415673 -0.662266648633 0.44 -0.182701499558 -0.289865524896 0.62570857526 0.952423017957 3.08353045846 0.168119304772 39.6742354579 35.4539275184 29.1173878288 
1 0.419876938603 0.437573030451 0.388368471323 0.411028465658 0.504414479215 0.486214957504 0.536276087331 0.513221619647 0.25692451875 0.252370030586 0.254467492241 0.789216090174 14.0 7.17426286856 1.40850443542 1.03318196542 1.81534930985 -1.48613316699 0.44 -0.687877043994 0.405481678975 -1.42122871249 0.44 0.0246638225875 1.27501023958 -1.16584672906 0.44 -0.703038672036 1.16726907002 0.0863705925775 3.65435153711 1.60757113611 3.43350965712 22.1677726334 2.33613614872 9.00536965377 
2 0.561156884641 0.580855401655 0.527606088747 0.552128798639 0.42072919114 0.398964560911 0.457372784749 0.430474260613 0.371810428806 0.373664627428 0.372810720168 2.79617026185 14.0 -5.77761963364 0.494001574974 -1.44473501163 7.47001303552 3.23746363889 0.44 -2.08820325876 0.56218175698 -0.464090272009 0.44 0.133909892991 0.14738973894 -0.374970191982 0.44 -1.34245482705 1.1550891536 0.485128233497 1.06867213021 0.191985153142 0.406748433946 19.834140366 20.8837138599 34.7853216668 
3 0.476259815048 0.50035273738 0.434188577184 0.464658914117 0.468511560322 0.455299464406 0.494026126924 0.476191479712 0.533763045857 0.497737705232 0.514328322625 1.51765733401 14.0 -2.78580764317 3.3042611324 6.62713022794 -1.19168365948 0.791730725598 0.44 -1.50733484311 1.4582319496 -0.764064423112 0.44 -0.0793849109245 0.776842801566 -0.799493570851 0.44 -0.594550557446 -0.279784853341 0.589892711143 0.872745537006 1.99353177505 3.90071662444 38.4232662676 22.9459576977 11.7462769155 
4 0.395949294483 0.376611898113 0.429115393602 0.404936152258 0.46264640406 0.480589202287 0.430446597845 0.453538586733 0.193935680423 0.208491197424 0.201787998805 0.913056374932 14.0 -5.2814692378 1.75091713763 3.43886432143 -1.15393822209 3.46025702118 0.44 -0.474469196897 2.074350293 -1.07303700055 0.44 -0.265503639626 0.331643547612 -1.22919955114 0.44 -0.656875617898 0.336912840389 0.0818636375419 1.68654691679 2.46358923735 1.54277877595 25.8614953554 16.6003747755 4.59543119598 
5 0.407934951176 0.389387301955 0.440538651059 0.416982108708 0.332117147282 0.329743083247 0.346623315221 0.338849524181 0.379783888723 0.382240796671 0.381109325905 1.8572582107 14.0 3.01632602911 -0.998645264445 -0.617191348392 -3.79943737971 3.3500363388 0.44 -0.756667248378 2.13380442014 -0.658442796648 0.44 -1.45003599469 1.63943367676 -0.683343478107 0.44 -0.700386470767 0.546460998196 -0.0324145121039 2.43067523413 0.907065808143 2.98002779124 8.48762322904 23.2141465109 1.57610881581 
6 0.222674219299 0.20344536515 0.238746428386 0.222489359791 0.457229141286 0.473472823013 0.426910748665 0.44835380922 0.365990619383 0.360005891754 0.36276201632 1.09854489725 14.0 -6.51670781659 5.0563623712 1.12632134489 1.26105831722 5.90922573214 0.44 -1.94786816351 2.60828512811 -1.32383270676 0.44 -1.26431668647 0.1467322026 -1.15089649179 0.44 0.0792968081954 0.56489126157 0.491864231264 0.319664666392 0.937877235903 1.23776440185 28.9311292412 39.0577630649 38.1725520531 
7 0.363393411413 0.34364254028 0.396640091459 0.372233324469 0.184220426338 0.186108329533 0.136106842566 0.159133843143 0.116740096101 0.105440292024 0.110644149165 0.0850650099698 14.0 2.9602024134 -0.896695258025 0.571998029102 1.97163852447 -1.29448579376 0.44 -0.157859071232 0.905765972927 -0.381563360305 0.44 -1.23856360239 0.933895494139 -0.630553461023 0.44 -0.76373404865 0.864170645433 0.228387278534 2.07015778945 0.135661044292 0.0469602997835 10.211841274 29.6552193924 19.8695342372 
8 0.123766335586 0.107386618837 0.120723993712 0.114581781598 0.40164247797 0.421079962305 0.367363697831 0.392101451208 0.143168400138 0.104952677913 0.122552023674 0.583689006806 14.0 -2.08692329923 3.40708779161 0.550196504129 -2.54188254267 4.52944790484 0.44 -2.06138700844 2.38322607878 -0.81355713412 0.44 -1.61031103284 0.993805511818 -1.13449142188 0.44 -1.1191237331 1.07249334912 -0.307029835214 0.409626794182 0.174108271949 1.51490635284 28.4941423723 2.05852483086 11.585786796 
9 0.455248756662 0.479094942847 0.417200092404 0.445704299845 0.379201338494 0.403353487403 0.338874602889 0.36856882602 0.482098524864 0.481989982088 0.482039968893 0.649308702602 14.0 1.96198524083 -2.89532864748 -0.155792674905 5.61716085994 -0.298642344572 0.44 -1.60582059485 0.768205135227 -0.358256913523 0.44 -1.3933247999 0.24856030336 -0.38749473931 0.44 -1.49405913374 0.613857689179 0.00853178487981 1.3938487263 1.56427880499 1.96794421281 13.1119052112 16.3839508756 19.4414577857 
10 0.417105579345 0.43389141832 0.385993809467 0.408051918807 0.348309042953 0.325682235755 0.382221127818 0.356183480157 0.19171460681 0.183204202927 0.187123467873 0.71651039006 14.0 -2.28374659158 0.00354532060582 7.37947809099 2.46514996607 2.75126874825 0.44 -1.7955711043 1.76618246626 -1.3782715057 0.44 -0.514009775192 1.69626680487 -0.466713734598 0.44 -0.636521383092 -0.0163850664235 0.204886502266 2.01538650958 3.67395946413 0.169220325686 26.9675633216 15.1204230013 31.6932424403 
11 0.374319957241 0.360098975255 0.402800950253 0.38313556703 0.438344798008 0.459953197449 0.400751402105 0.428015386803 0.393602311653 0.390542128291 0.391951423261 1.28897714352 14.0 -2.99431227235 2.62435712101 4.37993086208 2.72088860349 6.03163784934 0.44 -0.68627647386 2.6214447815 -1.38915035914 0.44 -1.13554365889 1.31694359967 -1.30782906632 0.44 -1.07426197457 1.06124204824 0.366808917113 3.35118747168 1.5598250692 0.875196876427 38.3182159323 8.23843882037 5.09024735489 
12 0.328845132755 0.305653399484 0.359384838876 0.334640097051 0.363369899464 0.375147904661 0.334913270207 0.353442378179 0.30892237463 0.308855504165 0.308886299774 0.601700641036 14.0 5.61471193777 0.781567793015 0.547906762879 -2.45738727928 0.508727843814 0.44 -1.47605443672 2.67408440353 -1.28714160176 0.44 -0.163641019746 0.246045056478 -0.758384111354 0.44 -1.2967776263 1.18268354086 0.667227978548 3.3579252367 1.12787750068 2.40017964165 39.1717069769 23.7467661322 37.4134698951 
13 0.38550522052 0.362720443275 0.422469286436 0.394953371822 0.441697207456 0.431814758025 0.468213413509 0.451450874799 0.352102511316 0.352828058282 0.352493924811 1.65224197881 14.0 -0.290973896298 2.00754666992 -0.765308884157 3.60557532277 7.22522599112 0.44 -1.25280631635 2.19939672376 -0.573291360403 0.44 -0.441000916874 1.46059471762 -1.23404349406 0.44 -1.18798165973 0.728258644778 0.435967464846 3.73389347151 3.6418014723 2.46636905719 20.8679202858 29.0768122128 35.4442472614 
14 0.40266103498 0.384381430976 0.434942179624 0.411657624326 0.476495969252 0.460413850825 0.506728681687 0.485399483264 0.476476322006 0.479225960492 0.47795967961 0.715241500915 14.0 0.964405055705 -3.78784356321 -0.221835576235 -1.83832385781 -1.49602847263 0.44 -0.526530586337 2.49414008658 -1.29291714024 0.44 0.0748839501648 1.49214605786 -0.992143727704 0.44 -0.815793291301 -0.201589385097 0.372463199703 1.94409634236 2.31939394395 0.404011546909 33.6018284829 30.8942461564 10.4181190415 
15 0.50198619387 0.532705987753 0.455000286775 0.490785806962 0.469570157155 0.48936564775 0.436069419314 0.460613735041 0.546839745665 0.543375197985 0.544970713364 1.93907684195 14.0 -1.48868456337 8.96058304966 0.388294316544 0.148822019308 -0.432791352238 0.44 -1.62250841304 1.54947153445 -0.581633234178 0.44 -1.62468241051 1.71934664688 -1.57181669449 0.44 -0.790595703316 0.205439327354 0.0698926836627 1.45166666711 2.5377613224 0.37775721802 38.2325472964 32.0517399326 2.35739025237 
16 0.516985378106 0.532071316273 0.487047025716 0.507781896367 0.495006856455 0.480621371825 0.523822158153 0.503927059186 0.377328456311 0.368383965107 0.372503138688 1.8673763657 14.0 -2.30790657536 -0.404641871498 6.92991833211 0.135170990028 6.73425359883 0.44 -0.552919267162 1.00099081578 -1.25112012251 0.44 -0.755707760676 1.59778917989 -0.710858768422 0.44 -0.102784674141 1.06179587925 0.0697246054935 3.10642436047 0.606850384893 3.63401278818 10.663239984 0.869011625728 11.2005891685 
17 0.147065247738 0.144885518761 0.103665822874 0.122648577559 0.395577939009 0.40679626762 0.368796311496 0.38629629129 0.319012056583 0.315230401195 0.316971953019 0.810919038281 14.0 -2.82538449257 -1.29262930104 3.01760892504 3.02168405292 6.97719551133 0.44 -2.31829994973 2.53010513781 -0.871588537968 0.44 -1.60374869546 1.85962811165 -1.34904233948 0.44 -0.134975424969 0.694415100048 -0.396011803646 3.7014998144 0.414682911675 3.06961029693 29.8487944138 4.76174610801 17.3895214237 
18 0.541696642162 0.56321972017 0.506799803753 0.532782659997 0.466744488681 0.488082558004 0.432392148538 0.458039047634 0.565149249138 0.567306795178 0.566313188449 1.16530164956 14.0 -3.06522019515 -4.08966769976 -0.0715073279844 4.17052767663 -0.00641374538611 0.44 -1.06758192799 0.599463577056 -0.921099320364 0.44 -1.12781393898 1.06792155171 -1.30379824619 0.44 -1.06239791448 0.526667079902 -0.266637345593 3.16387269939 3.05555163545 2.47995805538 7.06606188753 7.53151643362 15.519229065 
19 0.463932912426 0.480068195237 0.432828029545 0.454583369008 0.172534238823 0.160470765214 0.161506215941 0.161029363633 0.300600965268 0.304196992384 0.302540927265 0.434520376382 14.0 4.22502198902 0.0148161330853 3.5899896924 -2.29463894108 -1.06213968779 0.44 -1.92445792374 1.45523132459 -0.660246047971 0.44 -0.922874179622 1.3533897542 -0.91107071384 0.44 0.0311699015684 0.955547389736 0.283809403433 3.79359568885 0.124011995981 3.66822869763 34.5845380874 26.551772388 15.8781438058 
20 0.3026027855 0.27635307218 0.336590138394 0.308849384216 0.360648235176 0.371798312634 0.334815878298 0.351847262531 0.452387178124 0.472450734211 0.463210938645 0.856154112354 14.0 4.46893316063 1.10973370644 1.33502193055 4.47715255401 -1.6028675712 0.44 -0.798150968331 2.16806103827 -0.575508785434 0.44 -1.29564745694 0.581262640814 -0.51822812813 0.44 -0.811590698996 0.159307313521 -0.13749733472 3.79142875017 3.4296453356 3.08644600832 20.8163017819 37.053759665 19.2759763751 
21 0.570241044972 0.589780156511 0.536811525136 0.561204973796 0.12387667 0.121427904735 0.0978512004497 0.108708893213 0.267084685145 0.274058550303 0.270846901875 0.148163406555 14.0 2.57947683503 1.02312028045 4.10825315947 -1.25009003453 -1.33140898914 0.44 -1.76101137348 0.357882369388 -0.392393943927 0.44 -0.0956176512213 0.482954379395 -0.782324680648 0.44 0.0857765062618 -0.140353824713 -0.0533787397379 1.82000177421 1.73630287024 3.66201731844 2.16035025697 3.33149317014 7.79978933838 
22 0.176090695191 0.173733271496 0.164921482878 0.168979543426 0.360099461771 0.343165917238 0.388043337073 0.367376104254 0.149168540722 0.123533198028 0.135338947953 0.428966926487 14.0 -3.44860762203 0.934969222069 2.92850987968 4.78215709705 1.30280779259 0.44 -0.11353281449 1.06823615639 -1.39176689443 0.44 0.0561753809271 1.62422072056 -0.439398143555 0.44 -0.954738191863 0.99026122256 -0.108016122193 2.61235633819 0.722225558322 0.49132147112 7.05037047277 39.1754787137 12.6010672256 
23 0.329845897019 0.318232643836 0.33777194216 0.32877358109 0.452564120132 0.438462029609 0.479028067217 0.460346339371 0.543486697168 0.54215817446 0.542769994129 1.30420381326 14.0 -0.22578865953 0.166552636863 6.70260081561 2.51990859733 3.95663098619 0.44 -0.746165512824 1.69653290421 -0.800770710115 0.44 0.119489998237 0.91484178654 -0.74435877081 0.44 -1.22710360362 -0.113048788747 0.282317530509 0.0794658718365 2.33958813294 1.19810125493 32.8579382464 9.43816856373 29.1734922979 
24 0.321209520954 0.3013213526 0.350294923562 0.327741305356 0.39212016672 0.372952470367 0.423206266516 0.400063070921 0.299873695754 0.290397074211 0.294761307816 0.19499695137 14.0 0.464361644274 3.94466030306 1.32013834125 1.18951923873 -1.5422983429 0.44 -0.977851853781 2.49317366964 -0.409132747106 0.44 -0.537272276167 1.23502368084 -0.579452065197 0.44 -0.161683341475 0.119199700917 0.647092445208 0.99247630493 2.90008714282 0.8156459967 37.3018356377 31.6933834504 10.8355933852 
25 0.111141560007 0.114085414985 0.0888521356976 0.100472724843 0.348562237196 0.366990278819 0.31139527409 0.336998236794 0.268104856689 0.259064631871 0.2632278933 0.860158528748 14.0 -0.531648646016 -0.209671607759 0.412311803295 6.19280884439 4.01416425582 0.44 -1.22276072524 1.53104543565 -0.841347380191 0.44 -1.28648980605 0.217247684249 -1.59833249241 0.44 -0.0685571659716 1.19284948239 -0.225715658883 0.54112511813 0.448298855045 2.72409928664 23.5962663487 21.9906057027 39.4093757982 
26 0.237593557251 0.249905261091 0.198925785871 0.222403175775 0.378249685208 0.400577756913 0.340341472943 0.368081866876 0.290644155363 0.278806650837 0.284258133185 0.649737158677 14.0 4.19813596398 -1.16182129761 -1.78437837437 -0.771985748125 3.83526461295 0.44 -0.527686527816 0.982840507834 -1.07281131207 0.44 -1.28742995184 0.878411869031 -1.47255508547 0.44 -0.953378092056 1.16466006526 0.168317652876 3.06290185895 3.69370122308 1.12075335471 6.83611835796 18.5245688596 13.4788197985 
27 0.314748070055 0.322026060231 0.315690546842 0.318608217482 0.444859217867 0.468409499049 0.40731327866 0.435449695945 0.365882868974 0.353403254125 0.359150445174 0.615246444639 14.0 2.43701646712 -3.89680795901 -0.155858438673 2.24364691524 -0.169894241715 0.44 -0.178722047803 0.943120382682 -1.06253850458 0.44 -1.11673500434 0.985945748171 -1.02577419056 0.44 -0.109065328572 0.939654208682 -0.327701134201 1.53185888934 1.62998480403 2.27235931283 24.2285885652 18.8908973031 26.0727947883 
28 0.392027637735 0.375753437292 0.422285944579 0.400856500434 0.46745357813 0.451331886601 0.497199141266 0.47607606346 0.537676991438 0.507613791356 0.52145868613 0.633010892672 14.0 -2.62284005295 -1.2021824903 -1.25904995441 -2.82523993614 2.48903102902 0.44 -0.515894424409 2.11178495022 -0.733916424897 0.44 -0.73356902822 1.66786676416 -0.573472532909 0.44 -1.45875492638 0.351771205987 0.600317417128 1.28602313315 3.4670717197 3.58791410522 17.7726540125 27.9613610081 4.25811703822 
29 0.569786541665 0.58909083073 0.536544786854 0.56074362285 0.449996645752 0.465993024694 0.419631579937 0.440982245286 0.193387042347 0.20787443265 0.201202608168 1.84109223341 14.0 -0.290718067163 -0.325192627577 -1.14679646971 7.45416634483 -1.53578448725 0.44 -2.08630093255 0.455363089895 -0.817978286668 0.44 -1.57307497672 1.00602245656 -0.39361305089 0.44 -0.0423124607906 -0.292440628888 0.324005770972 0.3321808877 3.89166705307 0.00300561239327 7.3636959196 22.6954892016 33.9532216388 
30 0.513256921176 0.533165550436 0.478574638656 0.503715190134 0.493108349652 0.512733095655 0.459871457728 0.484215633089 0.177051710558 0.152744691735 0.163938713561 1.33193810458 14.0 4.01272099521 2.66713942632 2.61182288419 3.10328746101 0.143121109681 0.44 -2.26306954519 1.86392430834 -0.869631790553 0.44 -1.43752323242 0.3127171356 -0.385065751668 0.44 -1.20520699811 0.462722053261 0.566584767138 3.36798437352 0.932129170381 1.04680213679 38.50920661 6.60264526077 20.884258957 
31 0.373681699058 0.372368294805 0.383641081858 0.378449666768 0.470644741068 0.492741862978 0.434739966228 0.461451366047 0.382272845673 0.368406159872 0.374792133597 2.39411367269 14.0 1.3359154655 6.83928431065 1.68283593526 -1.85438886411 2.8530727341 0.44 -1.69921774339 2.43610210884 -1.11548519109 0.44 -1.58593225366 1.43795210734 -1.58449314779 0.44 -0.0286584374472 0.816735117868 0.0748904892289 0.791046601117 2.84014339725 3.66673770333 18.302353921 13.844012013 22.5956213778 
32 0.541755051352 0.562030713873 0.506266708832 0.531947500627 0.460756222933 0.480030520776 0.426586778702 0.451199028341 0.333145337804 0.33729886969 0.335386058953 1.6307862169 14.0 -3.71547579774 2.9874662204 6.39811607025 1.87301944291 0.924797856058 0.44 -2.19390271996 1.86633664751 -1.23181163708 0.44 -1.64315020531 1.84787917959 -1.51421301045 0.44 -0.755276409107 0.121170320058 0.599124808936 2.45706735248 0.950123711036 2.20903050619 25.3967925689 15.223124272 13.4468888821 
33 0.223254660441 0.206452423486 0.238050813253 0.223498923229 0.242527607505 0.218838019226 0.273726358706 0.248448833945 0.262227135958 0.256984749816 0.259399006592 0.360397475405 14.0 -3.25757992796 -1.10818066515 1.91848140667 5.20248205345 3.51095157352 0.44 -0.241046405288 0.613430277864 -0.471118582389 0.44 -0.49174084988 0.600918710465 -0.363638558854 0.44 0.014056217729 -0.277143300484 0.413439575075 0.841640598957 1.60891015399 3.10188090471 27.2262880594 38.4357165355 29.6948973702 
34 0.570241044972 0.589780156511 0.536811525136 0.561204973796 0.439678919188 0.456178535161 0.408063684519 0.43022183942 0.332349753948 0.329549138286 0.330838895499 1.17072326681 14.0 2.94716268583 -0.38532905127 -2.69533187411 -3.25030526239 -0.411811134146 0.44 -2.17137031331 1.20843217905 -1.35621062792 0.44 -0.942157333767 0.881049965912 -0.870164440386 0.44 -0.0387831431764 0.516500325391 0.0973455520772 2.79031073293 0.709699715639 0.261498302477 6.57408998088 10.598738812 33.6931967149 
35 0.295632126054 0.286140372496 0.314899647418 0.301655244494 0.486190170112 0.469464853477 0.517348301921 0.495296713822 0.405448050734 0.399497234129 0.402237741776 1.0326450571 14.0 -2.76400537304 -4.17247516705 1.86147283539 0.180878728747 0.987196056821 0.44 -1.01300069035 1.31815807043 -0.639808800766 0.44 -0.526762567656 1.44851852558 -0.672721369911 0.44 -0.120932243151 0.942326223816 0.0805734400953 0.845161446251 3.24609907114 3.26920611857 10.2072179173 37.909697722 5.67785728077 
36 0.170652692127 0.162520711479 0.16244913731 0.162482099098 0.305632048932 0.322082242269 0.272930895848 0.295566384331 0.594458418403 0.600438016746 0.597684254351 0.452812154969 14.0 -1.7053278851 5.35157202982 -1.31212593365 0.0997384906819 4.88508363776 0.44 -0.377236774293 0.818083335939 -0.470482869379 0.44 -0.387094577391 0.492547930701 -0.740338218096 0.44 -1.05499627226 0.418201321839 -0.0884415467447 0.152937484423 1.99108179418 3.62703804572 36.2858737897 17.608015077 0.836679005775 
37 0.429758955028 0.410219843489 0.463188474864 0.438795026204 0.494620651787 0.513345976291 0.462226880551 0.485768569379 0.237247382831 0.203030066423 0.218788041084 0.539805217277 14.0 -1.96947557226 0.68342191776 4.82067796256 -1.76169397793 -0.985485354504 0.44 -0.433529289771 2.19706704083 -0.832497509373 0.44 -0.941849612386 0.464201378245 -0.686674855951 0.44 -1.42917882681 0.633049637232 0.457435014449 1.97489749244 2.11231412201 0.919292765187 5.18540441875 0.723844089882 3.57162694186 
38 0.563568607162 0.583806326968 0.529382083205 0.554445879675 0.480829532568 0.464190802244 0.511984298756 0.489974135889 0.327490586469 0.311041024575 0.31861648071 2.55969546661 14.0 -5.95841098193 3.4050609781 -0.0875166475761 5.77844730613 6.92004892074 0.44 -1.05587574389 1.3321907512 -1.09462463179 0.44 -0.613195583718 1.55093086056 -0.958619856997 0.44 -0.119625998347 0.147738727744 -0.314585898704 1.26559798942 1.17276737648 3.75247248553 2.70168371202 27.3216536371 19.4813452797 
39 0.400445498494 0.37922897732 0.434930300934 0.409278375585 0.460248497605 0.474949264682 0.431388204407 0.451449219007 0.565927177053 0.574415282285 0.570506286454 1.3763162665 14.0 2.57530930046 -1.00747820418 3.99864984777 -3.37826343874 1.87217563989 0.44 -0.340604190134 1.88556034638 -0.670846846571 0.44 -0.477395267166 0.828999414279 -1.22728450934 0.44 -1.2139394391 -0.161946655226 0.283473878066 3.62186249543 2.87769683806 3.3902802405 11.2087040352 14.1263954657 25.6830656248 
40 0.407318515812 0.387052268134 0.44054107774 0.415908073316 0.472023802751 0.490094823766 0.439705377894 0.462911043756 0.370704784262 0.372735375472 0.371800234783 1.40232025444 14.0 -5.84939356189 2.20259747028 4.77873168079 -0.190947210816 3.93524924049 0.44 -0.146431354757 1.77084341633 -0.603202540715 0.44 -0.650649721968 0.132232523422 -1.3359219444 0.44 -1.44360778002 0.916872776089 0.497458638654 2.98943345134 3.66262780111 2.25536436272 9.94766569165 38.5845233251 37.5804056543 
41 0.430324912186 0.45240638428 0.39434991232 0.42108644546 0.412673294336 0.411849200686 0.428195780722 0.420667750442 0.369844593766 0.34823637675 0.358187529324 0.6701217804 14.0 -2.72132039681 6.3000341821 -1.29408290417 0.903210537445 4.89811127067 0.44 -1.74599228709 1.08851864334 -1.10856487617 0.44 -0.885729148249 1.72490791328 -1.13455543282 0.44 -1.47007732721 0.754557858692 0.0852082724218 2.03096379957 2.80562616152 0.733779922682 18.8188282393 2.52686359892 23.8920273681 
42 0.377982683301 0.358778993228 0.412839663552 0.387943302219 0.455830837265 0.4363600956 0.490671142752 0.4656594763 0.266103033468 0.197132552332 0.228895273908 2.90547599822 14.0 3.50305776384 7.81405539643 -2.2316368235 0.266046805899 -0.432265761087 0.44 -0.593608312641 2.48974008949 -0.711407014286 0.44 0.112467846362 1.68676319014 -0.522339252581 0.44 -0.905848870181 0.508025442136 0.0645673924317 0.353083814479 1.55983136336 2.60564947789 24.7013530844 12.2153241865 17.1931323785 
43 0.505488682055 0.523978589692 0.473395873389 0.496690545371 0.442877744918 0.461092986245 0.411118653449 0.434133148816 0.405481428571 0.39953725673 0.402274704288 1.0037572302 14.0 -6.11869857146 3.5857607121 0.161627592587 0.822855684856 8.81911827171 0.44 -1.74340787821 0.84493642808 -0.769867095057 0.44 -0.905696770711 1.09546476255 -1.268514081 0.44 -0.0186277571715 1.07138806607 0.0600981149833 0.319413510277 1.92509806589 2.2594419619 37.2516797539 27.4532177527 6.48802131697 
44 0.231181514609 0.237871119346 0.177081527022 0.205076734013 0.275712602703 0.279631835469 0.253073684771 0.265304412066 0.403690563306 0.39764575727 0.400429549523 0.533312459832 14.0 0.376167346751 -2.44420482628 3.12401299744 0.885498769429 5.7687256967 0.44 -1.61774631789 2.02737385346 -1.22838585458 0.44 -0.305746728909 1.34661511597 -1.44996413751 0.44 0.0986223194552 0.144267995486 0.677751783059 2.53922791223 3.8530493006 0.615595017085 30.6365754469 4.50678987294 3.45940607722 
45 0.263804731773 0.246422426263 0.276933708454 0.262882460077 0.287834275572 0.274658692605 0.303116548458 0.290010956947 0.446331113582 0.444957151749 0.44558989733 0.406588336107 14.0 -1.63062492292 -2.86968563005 0.271533729352 4.29638482762 -1.44038488058 0.44 -1.52241755426 2.092005791 -0.915972812174 0.44 -0.947780916882 1.49003598119 -0.931107296439 0.44 -0.100103760941 -0.206946275956 -0.249389965579 1.77296145401 2.81771206252 1.58710400078 38.7972952259 9.88696994818 28.671534311 
46 0.570241044972 0.589780156511 0.536811525136 0.561204973796 0.387536689937 0.406661245904 0.353575975711 0.378023139616 0.290813466858 0.28655831794 0.288517925995 0.574114661437 14.0 0.473181377247 -3.46063690853 1.88733250944 2.93571778933 4.18537484737 0.44 -2.12306933 0.377044441514 -0.429767772358 0.44 -0.237522712328 0.551151536609 -1.34243463157 0.44 -0.929761117885 1.1837838879 0.118595897677 3.64397605082 2.23518435197 2.84912622671 2.45987463375 17.7522692146 12.0578939247 
47 0.558939989218 0.577382571505 0.525604474209 0.549449650596 0.505161627505 0.486599078654 0.537434458018 0.514023428048 0.582729340182 0.590008679175 0.586656352007 2.83667584002 14.0 4.17204739151 -2.34617029624 -0.763180866793 2.37574073575 6.78968693897 0.44 -1.40034029865 1.31448325938 -1.30254424212 0.44 -0.365723776302 1.41014410004 -0.641221771349 0.44 -0.791589450633 0.229334820167 -0.273334634485 2.50671401596 3.17170440351 3.17441119811 32.0071672387 3.30310329598 36.5040739622 
48 0.495138647962 0.511788600784 0.463678362659 0.485834393374 0.293030931108 0.29681514761 0.263193612669 0.278677214287 0.514615687454 0.525951914717 0.520731283741 0.0936341314701 14.0 2.02624178793 -1.44351779731 0.429708093479 -1.35553531212 1.93813879919 0.44 -2.05432126419 0.989866443012 -0.436965431904 0.44 -0.329835318512 0.513346178587 -0.688175321313 0.44 -1.25889082181 0.293783945918 -0.202419676027 0.632768225685 3.91163312692 0.793812927589 20.9354397905 15.8969496375 37.5575069926 
49 0.423208921318 0.44299513076 0.387242217541 0.41291790126 0.180510433991 0.189286172638 0.137909770423 0.161569955653 0.459785061138 0.466193232414 0.463242100905 0.322380238287 14.0 3.51530626821 -2.7297979568 3.02518654991 1.39739116695 0.703144349688 0.44 -1.16559661634 0.939539841883 -0.625909222155 0.44 -0.376886791868 0.960045671764 -1.27016217743 0.44 -0.674046257423 -0.16135898103 -0.144866618335 1.45901253758 1.02239448637 3.26806674532 14.6205260941 30.566797545 9.34776335921 
50 0.220238266576 0.234242953347 0.166912136056 0.197919749282 0.422564171017 0.43384899247 0.395729360287 0.413284454055 0.381860709568 0.378400503608 0.379994019511 2.88977143516 14.0 -2.78274878803 -0.704259018396 8.68352180885 -1.71003987534 2.96161908083 0.44 -1.11279402305 0.514652270578 -0.661175578788 0.44 -0.41540430774 1.04324655356 -1.40553010635 0.44 -0.108457756488 0.708657800186 -0.256864401196 0.0473850413206 2.38033138965 1.23428890421 0.63896713393 38.1284498046 11.0635298746 
51 0.14255305579 0.146047370284 0.0660114842445 0.102870115973 0.334676460157 0.352755806185 0.300725374832 0.324686757692 0.164972396352 0.140901186262 0.151986611961 0.669841636043 14.0 -1.89474907224 4.35761217168 -0.549173498702 2.79494489298 5.27368502418 0.44 -0.79439349889 1.35246694086 -1.1713643757 0.44 -1.48726405183 0.832346151141 -1.06567990688 0.44 -0.829531763244 -0.0985019377745 0.695830633527 3.69942206492 1.32056425544 0.331197262024 4.97900101432 38.5776285046 32.4065865453 
52 0.234279217129 0.247574626249 0.195557607003 0.219512813235 0.319900811979 0.308549169927 0.3456792689 0.328579881215 0.280411595028 0.280083634416 0.280234668908 0.197238106224 14.0 1.36559683367 2.3846359567 3.2698086071 -1.05020303316 1.44383079211 0.44 -1.48975551465 1.60769205949 -0.854254770075 0.44 -0.236315640965 1.04580025098 -0.958282024722 0.44 0.0594412589267 1.06117493798 -0.352788540399 1.03300416766 0.917999658012 0.703325627765 21.734476455 39.8243732327 11.2387207301 
53 0.426326289192 0.406459209716 0.460209459844 0.43545605518 0.339478871858 0.351352449664 0.310297342841 0.329204299931 0.264973394799 0.267685752767 0.266436640545 0.42013413971 14.0 -3.25978384319 2.31103145109 2.86802665323 -1.48015515348 4.95119949491 0.44 -0.976386894197 1.83718414127 -0.466713092276 0.44 -0.063330935181 0.50643685497 -1.1479406807 0.44 -0.186416078954 0.0252757055141 0.270958218501 2.10589123612 3.89787281033 2.18599365135 4.69560182534 21.4461035447 4.25110334399 
54 0.41936429262 0.435976777405 0.388365406404 0.410291695681 0.353337954205 0.332377586623 0.385418906133 0.360991982675 0.432156233507 0.436566244615 0.434535318447 0.765568610649 14.0 -2.12850487793 3.05946483023 5.46251239075 1.98274167334 3.27699146561 0.44 -1.81665917521 0.849787288536 -0.279394102119 0.44 -1.21160586855 1.99600085219 -0.549958006802 0.44 -0.213504067979 -0.237882981102 -0.0402811284811 3.88792235691 3.16709622551 2.23354694563 32.2310313221 14.8408336245 29.6357382148 
55 0.570241044972 0.589780156511 0.536811525136 0.561204973796 0.478159429051 0.501116968915 0.440512941773 0.468422691115 0.579840085354 0.569401751649 0.574208879013 2.39368521662 14.0 4.84817347867 -0.891492633443 6.15824432953 -0.0173122770299 3.18007540081 0.44 -1.52406944629 0.878681315915 -0.958975433495 0.44 -0.575896800733 0.238470191261 -1.20357336141 0.44 -0.635610590165 0.0691040032216 0.114469500452 1.75888766947 3.33368809816 3.11654393091 1.32478238773 13.010414908 34.0393546579 
56 0.298972273966 0.292988357379 0.298714479174 0.2960774494 0.176238684911 0.168139046272 0.153415055648 0.160195840804 0.233640577742 0.228894104863 0.231079980531 0.177776312971 14.0 -3.50526429173 1.95510526535 1.21556642169 0.376986526862 5.87311475705 0.44 -0.135096312525 1.05279375281 -1.12477196959 0.44 -1.20325417407 1.52422121066 -0.779856163747 0.44 -0.300409157018 0.314299955739 -0.0301956004679 3.58099702339 0.0333838476253 1.04587256396 24.5238604542 10.171237444 10.8146613988 
57 0.464135193036 0.48025168701 0.433173563657 0.454854278359 0.386224560949 0.39999618461 0.355881191932 0.376197306981 0.295304548833 0.293639941587 0.294406537029 0.163505429857 14.0 2.37621170727 3.38319470683 1.78016657228 -1.45603836396 -0.533643249698 0.44 -2.18769836339 2.10494290924 -1.42919022671 0.44 -1.64383465973 0.660234947698 -1.08761550405 0.44 -1.240011862 0.974064366479 0.527210556247 2.66945005108 1.14278567684 2.31246901829 9.90986390601 29.0022806038 39.3902688558 
58 0.388931509587 0.374044034184 0.415872806113 0.396609555883 0.3255297079 0.319791527991 0.328030142762 0.324236043854 0.405481428571 0.39953725673 0.402274704288 0.675428044098 14.0 0.396659951497 -3.8646666648 2.01346263085 1.05362201749 -2.50460857417 0.44 -1.04378796487 2.5066735493 -1.49754536794 0.44 -0.191070859777 1.39351577428 -1.5541083528 0.44 -0.213300090759 0.466947274385 -0.186115097876 2.66004104332 1.89110546787 3.22092244149 12.5218797594 39.1613063759 0.88114779419 
59 0.454904969069 0.479024640777 0.413163649427 0.443494369128 0.310374372948 0.312787963728 0.300022989667 0.305901596142 0.28255338554 0.269705004615 0.275622022146 0.341710198902 14.0 4.52823315564 -2.50267059828 0.142398457748 0.502727033639 -1.77670888931 0.44 -1.38009460393 0.995087845576 -1.23211186758 0.44 0.0422081733845 0.911953189766 -1.26707427014 0.44 -0.233325709369 0.790759733102 -0.100787595455 2.09484842061 2.22728859495 0.673706712676 22.4313509364 18.7462486434 25.9208561254 
60 0.537605293622 0.557036256704 0.502825457769 0.527790957279 0.485639827172 0.501099245391 0.455789839437 0.476656013232 0.375175936413 0.367955088143 0.371280478793 1.69625760098 14.0 -0.323439513826 -1.06040684211 -0.025257389916 5.16383671013 7.07082258657 0.44 -1.08456950833 1.12588729015 -1.18405972693 0.44 -1.01175549162 0.905708494878 -1.49225770199 0.44 -0.673847604691 0.798444422484 0.659363062037 2.4466858851 1.87514768641 2.97000924164 14.0313754552 5.40027743466 31.2097719565 
61 0.299425983988 0.279963403281 0.326287128114 0.304953833783 0.288783635684 0.292440321886 0.274278142833 0.282642304239 0.337134456061 0.315959237786 0.325710983044 1.360727057 14.0 -0.363811513704 0.853738406091 3.50754283394 2.63625508161 6.61573040938 0.44 -1.77813629186 1.77329771136 -0.42188093449 0.44 -0.227229975186 0.726123354425 -0.926122296576 0.44 -0.391383274766 0.639638257785 0.0490496692772 1.59937354079 3.16718170908 0.0696141900298 38.8675667643 34.2261877151 24.103517436 
62 0.549900382572 0.569223282669 0.516257640232 0.540649712407 0.48078998942 0.464207964253 0.511015393162 0.489459340375 0.40111576551 0.388787336767 0.394464902636 2.30662623799 14.0 -3.58712959973 4.50962888654 0.763276896695 -1.09450189875 9.27786852998 0.44 -1.73424840844 0.826024535191 -0.298137461528 0.44 -0.508326513193 1.69229807629 -0.736348635871 0.44 -0.966954977358 0.36410316009 0.153435223545 1.70586553062 0.495288855169 0.0127650811767 35.790737624 26.7839746879 29.5493286359 
63 0.498867753621 0.518686244593 0.457060181673 0.485440605386 0.454784934279 0.473236280638 0.422439684763 0.445832853916 0.356920375935 0.356129246801 0.356493582586 2.6684079561 14.0 -0.911208100189 7.12257124561 -1.78317257958 2.99930251413 3.48478490804 0.44 -2.07148119383 1.90098936191 -1.11511736962 0.44 -0.879952515331 0.448014817425 -1.56319408019 0.44 -0.53248754477 1.12324776587 0.442168219861 0.0371774078648 3.42208533445 1.82739165355 38.0909008781 35.5201830225 9.22066040853 
64 0.339383266677 0.3239596607 0.361972731538 0.344466712073 0.419048617024 0.433350276879 0.389510147511 0.409699680772 0.509924046219 0.526349837793 0.518785328516 0.102829458003 14.0 -0.46220535137 -1.37250877133 2.07145072875 -0.83274248022 3.34143991904 0.44 -0.717291606444 1.74561024454 -1.15525656047 0.44 -1.37890714988 1.08387853239 -1.44165361771 0.44 -1.34099011007 -0.1043893332 0.452587289198 2.69090668861 1.85220917546 3.80365082935 9.34358221873 24.4697082785 25.2140112823 
65 0.344218209152 0.323107246652 0.376183522244 0.35174050059 0.409300570931 0.425111424351 0.37821039062 0.39980955089 0.314331331876 0.308903599796 0.311403213254 0.988200978857 14.0 2.13312535377 1.14609888792 8.61460955976 -0.891659551715 -0.553888978295 0.44 -1.19382120097 1.68770557081 -0.483449227217 0.44 -0.0973906295959 0.18807074088 -0.806999594031 0.44 -1.41756764233 1.04850822124 0.591834238334 3.17405669996 1.75603946146 2.17828805808 26.3702017292 6.26560083999 37.3669716304 
66 0.161449641376 0.163834355135 0.105881422409 0.132570273006 0.414943099286 0.410222217633 0.412281651061 0.411333227772 0.401153130771 0.394040663023 0.397316141591 2.18384061434 14.0 -0.533068819627 -3.47921546166 6.52912033787 -2.02096940862 -1.51749689088 0.44 -0.359091216109 1.02562014898 -1.17323080895 0.44 -1.40660421943 1.78599790662 -0.935030027266 0.44 -1.09977043147 0.766084676265 0.27346915958 3.88270261157 2.91375315945 3.61998762854 18.265354522 7.75062573591 1.75611869693 
67 0.570241044972 0.589780156511 0.536811525136 0.561204973796 0.296177770374 0.304117861259 0.270133991353 0.285784457757 0.342146412559 0.335039829655 0.338312598097 0.812764695219 14.0 1.66771913859 -3.9143040231 2.90600840991 3.43256599843 2.51843069871 0.44 -1.71934173163 0.944981800462 -1.17253430456 0.44 -1.46352453652 1.32834325078 -0.781798445431 0.44 0.109924760016 1.13387116712 -0.156540254115 2.9143507838 0.356070662898 3.64373426541 5.10582546462 34.7898604147 25.6216880444 
68 0.267392209829 0.240039195755 0.295969062551 0.270211887053 0.212825260105 0.18925401659 0.217274099502 0.204370113951 0.228271199009 0.229166172122 0.228754013452 0.465863586177 14.0 2.11979676407 4.89979570465 2.09640691496 0.127618270651 0.966745982491 0.44 -0.227135051794 1.69088560714 -0.749570671461 0.44 -0.660032067166 1.25328631278 -0.559425065436 0.44 -0.8364442159 0.814901316744 0.580885318811 3.04794980961 0.210776397353 1.64809200517 14.7440529324 20.0698062717 6.93204739412 
69 0.417871596904 0.398871072364 0.450832858747 0.426903088702 0.493287831094 0.511927118559 0.460943066497 0.484422564157 0.581713637585 0.586190933845 0.584129021093 1.68314025345 14.0 2.60780754355 -2.93228644058 -2.53499677406 0.164606255624 0.521746357517 0.44 -1.09636613025 2.02278061412 -0.623915247642 0.44 -0.865556558363 0.872635851685 -0.93327868788 0.44 -1.48767238757 0.159516964084 -0.299676762108 1.14673930941 2.68477226248 0.455264450435 36.6093010091 2.16919428192 27.6825622642 
70 0.379769663373 0.367887033276 0.400860595138 0.385675402175 0.468649546974 0.487745563057 0.435730747653 0.459684938957 0.37836761984 0.376374514162 0.377292391777 2.24209416146 14.0 -4.19065356331 -2.410586566 1.98795024534 7.90377289116 2.1049266463 0.44 -0.226432426294 0.808714458752 -0.856724248849 0.44 -1.1310131345 1.19323084463 -1.24623364097 0.44 -0.651019692275 0.668305287605 0.421807644381 2.01542156257 3.11700991587 3.81946188678 17.3865258866 10.716451887 24.058991117 
71 0.517005067931 0.538204529566 0.481578024757 0.507656020393 0.436787925484 0.427636067337 0.457648626214 0.443827053047 0.405229337848 0.39921514668 0.401984839981 1.26574164099 14.0 6.78911084655 0.459178723181 3.1108613075 -2.25111788708 -1.27656782118 0.44 -1.53991452221 1.21361036933 -1.46603155322 0.44 -0.0169058687631 1.55855395526 -1.52476218422 0.44 -0.48721253267 0.939684456205 0.535644309974 3.55157321819 3.65223207799 0.624336342973 25.5185465469 24.0909584755 0.830967486066 
72 0.42955777336 0.410219843489 0.462848967014 0.438611870654 0.474864362619 0.489624433419 0.446112437567 0.466150856709 0.368379415064 0.371425994267 0.370022964371 2.05792396553 14.0 -0.537170933428 3.54507494394 1.11556450722 6.59256727684 0.713820612606 0.44 -1.38352814624 2.4577687093 -0.493547264267 0.44 -1.41888228783 1.28517694612 -1.46903720532 0.44 -0.288707992528 0.017723430501 0.545761971449 2.12002671168 2.47064175559 0.524241945019 3.98129050192 28.328323033 17.3688956448 
73 0.420229525455 0.403453822034 0.450842922274 0.429018994532 0.486162940449 0.506197571458 0.452770657319 0.477375157251 0.399022174776 0.390146275344 0.394233860609 2.94553664123 14.0 0.356012384913 -0.450854349136 2.2334999476 -1.98585305602 9.61228875163 0.44 -0.553308087853 2.088039624 -1.30845345352 0.44 -1.18718863845 0.874586115548 -1.06248259323 0.44 -0.793264783813 1.17471659245 -0.0101561900193 1.40944312876 3.56519549776 1.16344089937 34.3927033778 22.4811245731 27.1029374273 
74 0.355448774949 0.335300701504 0.387422807413 0.363419206007 0.435055760636 0.415541956971 0.466900953187 0.443248783877 0.158176090506 0.154420811388 0.156150216245 1.07961043455 14.0 -0.0337393295252 0.45681889691 9.88319498616 0.305185311057 -0.146596220115 0.44 -1.84806816424 2.53387434514 -0.628236793438 0.44 -0.93230161691 1.9615809102 -0.432828811838 0.44 -1.01331214144 -0.298012273052 0.0565325489571 3.89823269024 1.53369749241 0.00698983077639 34.3733824768 13.4833769494 27.670609893 
75 0.554654127452 0.57320082352 0.52201541254 0.545587641281 0.478988680759 0.464858339201 0.505796695372 0.48694350503 0.57814511638 0.578533160518 0.578354455981 1.93967008882 14.0 -5.23268882109 0.0936337184583 3.77944618241 -0.882241769063 6.84300616461 0.44 -1.85025194801 0.701219433353 -1.27756780294 0.44 -0.255074030064 1.04760017323 -0.894462129714 0.44 -1.09799414804 -0.0896446591596 0.541145431841 2.41573527654 3.2175507317 2.10573529034 15.8970741091 4.95580192968 9.64695621783 
76 0.38513627935 0.406257390588 0.349619113333 0.37570253049 0.494567890222 0.51323140832 0.462226880551 0.485715807813 0.395886371598 0.39925275432 0.397702446488 0.567358238716 14.0 3.85346432411 1.85311957573 0.663029631803 1.01979811978 3.28596031226 0.44 -0.566208786953 0.476530635888 -0.731415572622 0.44 -0.00859879928604 0.390270375456 -1.38496184068 0.44 -0.604375200009 0.133847553319 -0.341362696042 3.80938933427 3.78194755392 0.794441636906 16.4856297478 0.353048912319 7.93320570029 
77 0.429758955028 0.410219843489 0.463188474864 0.438795026204 0.470630020688 0.451743444159 0.50253039791 0.479141669209 0.495363710307 0.453954983028 0.473024791643 2.1423298123 14.0 4.23582487923 1.76443638602 6.34176228559 -2.47388843109 -0.602632006017 0.44 -1.18732872053 2.00654402556 -0.429449184887 0.44 0.026083526886 1.04437459736 -0.501704321009 0.44 -1.25012574844 0.696966021688 0.0876274036481 2.97163530548 2.381933086 3.85144311569 0.0996421554377 31.8754282847 15.768028339 
78 0.387188413696 0.369796288903 0.417600853294 0.395585593377 0.131795245367 0.117715906125 0.118595098965 0.118190207525 0.403882221963 0.398126692259 0.400777265149 1.17810589457 14.0 -4.25886602738 2.76037707441 5.19791603519 2.49489609833 1.41739704608 0.44 -1.69181021244 2.54997923336 -0.812860781177 0.44 -0.188915728159 0.665428679356 -0.984088183991 0.44 0.0029766639972 0.426095445488 0.323355051368 1.53197758863 1.00379472684 0.605219694797 26.5514282273 3.69579142972 2.75668726502 
79 0.540281123484 0.563695539109 0.502968483635 0.530934890761 0.477602328791 0.462213015274 0.5069907822 0.486369442168 0.571043119503 0.570495320423 0.570747596315 1.60984130646 14.0 -3.85674594069 6.39247274649 -1.36699035385 -1.35994461614 5.99646553952 0.44 -1.56665432793 1.20934658093 -1.06654528543 0.44 -0.23723217257 1.65404627174 -0.929862775185 0.44 -1.33373612848 -0.0216016558427 0.165888656181 1.00244350162 2.31199982817 3.52874552286 32.7254665876 38.8286666635 9.80907144381 
80 0.41258214848 0.392732212109 0.446057768473 0.421499946463 0.488201142752 0.470306418371 0.519772825187 0.4969922431 0.38969704772 0.383167780895 0.386174680091 2.51276304731 14.0 -2.43128780198 0.846791195951 -3.7219342882 -0.0258096476585 5.26562396948 0.44 -1.33014128673 2.2074175431 -0.218531278878 0.44 -0.507167916358 1.92806482041 -0.834686851948 0.44 -0.518057792384 1.17142391435 0.470639637464 3.61554481768 0.864149942661 2.60488329437 22.005005815 27.1160883882 15.2626804247 
81 0.486424545776 0.500452848782 0.456404595974 0.476689975557 0.355978032298 0.339463740339 0.382182273098 0.362509264591 0.412956510761 0.410203959483 0.411471581782 0.306609758911 14.0 -3.23217127053 0.838259544164 0.50359998931 4.23367093254 5.25372805778 0.44 -2.06441407357 0.792496247096 -1.20973096903 0.44 -0.0801805954773 1.8777938445 -1.5707153693 0.44 -0.493146740044 -0.0143404937907 -0.249934852909 1.76657925041 2.10457401552 0.678870835363 10.2159320249 33.12458066 31.4576283272 
82 0.27638649991 0.251159731106 0.308956957197 0.282339813603 0.340318523827 0.35536665564 0.30933851601 0.330535685577 0.11889292135 0.115584150568 0.117107926586 0.559085740652 14.0 2.26607169704 0.775493919521 6.82639732309 -1.28663367425 0.32988975339 0.44 -0.992888199072 2.54308773672 -1.10756802854 0.44 -1.06770564669 0.412673079119 -1.38934984411 0.44 -0.790645167723 0.796176981148 -0.257625512302 3.86010247354 3.1832979854 0.19412521908 35.9921547595 10.9829242066 22.9167819148 
83 0.570241044972 0.589780156511 0.536811525136 0.561204973796 0.471415445165 0.454832081706 0.502960890931 0.480796307735 0.357954279407 0.351777901913 0.354622286285 1.48703920373 14.0 -4.43957057358 5.44517295183 -1.51051657845 4.56358407748 3.31147166718 0.44 -2.09552896952 1.39228965543 -1.39268533846 0.44 0.128876574921 1.76980738642 -0.490457946939 0.44 -0.0320456273118 0.143549159979 -0.203979867211 0.91618490289 2.49715456182 1.85640513824 4.48295576891 18.954814251 4.90543554212 
84 0.556294598773 0.575071281913 0.523104714499 0.547036686334 0.489720893291 0.472539142644 0.520208122776 0.498255302978 0.392583677603 0.38725429614 0.389708616551 2.68058599608 14.0 0.12523218563 2.47141248674 3.58986168156 -3.34053354561 4.24193220047 0.44 -1.25143981394 0.782639074854 -0.382126430912 0.44 -0.018292246922 1.38297616785 -1.19627720826 0.44 0.0435932277 1.11891329402 0.210642717021 1.84593006698 1.86970673729 2.60216914168 30.3695177006 38.9722029458 9.53993633419 
85 0.450829049994 0.468757647864 0.418763515569 0.441787129126 0.385733378078 0.370537507292 0.41400978844 0.393989658964 0.297898842704 0.291974655486 0.2947028996 0.93040884597 14.0 -2.23353780155 0.564605540453 1.42660512072 2.71716586133 8.68714570737 0.44 -1.47645067904 1.51865362954 -1.38339022752 0.44 -0.00152318828571 1.28730908209 -1.19822262761 0.44 -0.186637182869 0.150648584387 0.390538541558 0.988615002761 1.42232860311 1.90176619818 37.1602984752 26.6275053637 20.3545512337 
86 0.544553157189 0.567219608171 0.508661362261 0.535628975509 0.480021793419 0.499730522385 0.446904723677 0.471232394135 0.145090011263 0.139038435422 0.141825345349 1.66699075524 14.0 1.28960727774 1.92148323015 3.78954560298 4.56077613033 1.41427582577 0.44 -1.01164147675 0.315291060294 -1.38290607887 0.44 -1.04477458122 0.669988844258 -1.36428199911 0.44 -1.21001771816 0.866622937645 -0.0295299398615 3.7448285995 2.86046492869 0.0341565289974 19.3851010554 7.35551189963 1.10909238258 
87 0.535794579062 0.555926415526 0.500815826248 0.526195702889 0.425508916314 0.44550079152 0.388977091809 0.415007742992 0.474734554144 0.464696908204 0.469319508308 1.68459041247 14.0 -0.339681833302 -0.126605825563 9.16500409261 -2.29692581751 0.385070031476 0.44 -2.08726691695 1.4772926536 -0.593079281666 0.44 -1.1966830194 0.788171201954 -0.361237167592 0.44 -0.946658953506 0.0151850572379 0.188436835451 1.68364550953 0.632957991837 0.131463703737 36.6921934567 33.2402106047 38.5954287003 
88 0.450412982861 0.465402777588 0.420607888174 0.441237113562 0.335185541949 0.345086288167 0.307720529794 0.324928444834 0.47551366881 0.486634274609 0.481512942991 0.633933721141 14.0 2.4392497698 3.83323906447 -0.447670792513 -2.01684728435 2.98110348885 0.44 -2.10324007931 0.441963683021 -0.324656930147 0.44 -0.00919959038374 0.673627243188 -1.49317029502 0.44 -1.19806538161 0.07372842804 -0.266990276344 2.91981783836 2.09151300094 3.64699214343 26.4895476131 5.32586983076 6.98803649311 
89 0.52939484675 0.548008703583 0.496740390217 0.520350797688 0.454633991972 0.472350578432 0.422600314986 0.44551162052 0.361055774758 0.359902472548 0.360433598565 1.43791506682 14.0 3.29929974078 -3.36859439176 1.71542356565 3.46151038419 4.43435109565 0.44 -1.97892117597 0.986910882398 -1.28903271788 0.44 -0.579978847157 0.178942761644 -1.00719039319 0.44 -0.531456073037 0.957571024189 0.00971633217351 1.23426381565 0.982841256021 0.685283526084 19.9247458979 32.1004749278 30.271801665 
90 0.263470845606 0.252540553963 0.281720191505 0.268282200532 0.333458641156 0.324918023367 0.354187314505 0.340708035692 0.270558837802 0.263454266045 0.266726108302 0.824118781207 14.0 6.48105109383 -1.07446960559 0.604813537424 2.32284343574 1.22349620511 0.44 -1.56475014838 2.35836049094 -1.09189292101 0.44 -0.536725146631 1.94298622728 -1.51399948313 0.44 -0.669201692113 0.881948509493 -0.356529109858 3.61245607768 0.991511639827 1.90795792025 7.51435979253 25.0781674592 2.9247664277 
91 0.18180956249 0.190334434666 0.138444518754 0.162341190555 0.494620651787 0.513345976291 0.462226880551 0.485768569379 0.263615791678 0.261712679924 0.262589112969 0.328065520821 14.0 5.04352046657 -0.402723113729 -0.637779052875 -1.98706584181 0.980784939255 0.44 -0.460211666692 1.01487312961 -1.14650239909 0.44 -1.26395592035 0.301156271087 -0.813030704817 0.44 -0.376914986736 0.109354429575 0.303694697891 1.15933498161 1.72575832155 3.06555671966 4.99175680833 4.4713012723 17.142315606 
92 0.570241044972 0.589780156511 0.536811525136 0.561204973796 0.476288717997 0.499139076016 0.440174849998 0.467329427769 0.581915003792 0.581280494487 0.58157270272 2.39419606809 14.0 4.01598750654 -1.51447184629 6.60211770159 -0.282700465796 3.84778833305 0.44 -2.00993529811 0.610521182263 -1.10474735497 0.44 -1.42255367538 0.9145048206 -0.575285772106 0.44 -0.943612027093 -0.0642504252126 -0.374751537048 2.6441375686 0.775566783514 1.67661023379 7.49667928577 18.0215843878 14.9767028935 
93 0.522247940992 0.542207197601 0.488803587648 0.513397355389 0.429528681244 0.420508537182 0.452404819871 0.437715742317 0.594408083556 0.600054380326 0.597454112077 1.29490961225 14.0 4.99792783311 -3.3051552206 2.40380157482 1.04425244051 3.73512546865 0.44 -0.92501974961 0.7060600442 -0.779436224598 0.44 -0.942138235714 1.20249659242 -0.550053683414 0.44 -1.29101476643 0.265633018708 0.199242176113 1.36806048967 1.53207573047 1.70127140893 37.2088710785 4.36522182578 0.50789002272 
94 0.391612893885 0.368656121713 0.428533123776 0.400958188615 0.457139548214 0.433826555543 0.491905782079 0.465158769858 0.579399277869 0.589993659216 0.585114667806 2.35968887497 14.0 0.991476473727 -2.10139335395 0.192387925264 6.92963801732 4.50592024956 0.44 -1.71124358316 1.7170715735 -0.453369727995 0.44 -1.52837133893 1.97116615674 -0.943142959419 0.44 -1.22491492654 0.396684611884 -0.143422412902 1.09932817358 0.23099521643 2.92474195309 2.75926786544 17.6590735808 39.0934605503 
95 0.438278716129 0.448460402676 0.413593253176 0.429650493077 0.467993590974 0.487391125265 0.435560333256 0.459429776944 0.381618401877 0.375641255823 0.378393888874 1.85926865844 14.0 5.8123263025 -2.46247452187 -0.744558869397 3.43775481354 -1.84799005547 0.44 -2.00893997656 1.72554579375 -0.406868042235 0.44 -1.47769667433 0.590898183563 -1.41385895546 0.44 -0.863610653177 1.05583447682 -0.146343823428 0.50448008415 0.895945920953 1.57447076148 27.032703589 15.279677894 10.4186327554 
96 0.421839261968 0.441744720139 0.385282846667 0.41128502524 0.215695683738 0.225418204948 0.183751833861 0.20294029423 0.27173220652 0.269974059836 0.270783732651 0.212349422408 14.0 -1.68467384914 3.38565724064 2.01836842087 0.199752883422 4.1796095397 0.44 -1.47704445672 1.43042578705 -0.775031280695 0.44 -0.921065339366 1.16545228522 -1.1656226679 0.44 0.111375162882 0.196021127119 0.543049962988 3.91267042633 0.44941904148 2.02373435645 7.62454526631 29.4919564392 11.6179289423 
97 0.313520170154 0.303149667602 0.337669833654 0.321772388761 0.471303989966 0.48967144805 0.439141452772 0.462411845334 0.540116459637 0.530509325802 0.534933663752 0.823245389977 14.0 3.5834011582 0.326090602356 -3.36573957517 -0.351722053253 -0.690720657865 0.44 -1.58536823147 2.54576320652 -1.49343247311 0.44 -0.990816145165 0.17501221165 -0.581592450733 0.44 -0.989350002314 -0.166312439751 -0.29276227383 0.724498932337 2.78708672107 1.54677847727 3.04388217274 39.2234559882 11.4219050245 
98 0.403576907691 0.383631036491 0.437328435412 0.412599370119 0.26437553825 0.263523841319 0.244856868629 0.253453500789 0.380835088128 0.373014701699 0.376616195449 0.826607122258 14.0 -0.373580122451 -4.10801429659 3.09321210163 0.513623722592 3.49760397341 0.44 -1.5589769714 2.53968112929 -0.417550931983 0.44 0.0232954887476 0.152351088927 -0.553772982098 0.44 0.0580223174304 0.434952417334 -0.341748015428 0.644275945429 2.13693412718 2.67739876954 11.6693576347 11.2262181187 30.8810944181 
99 0.570241044972 0.589780156511 0.536811525136 0.561204973796 0.445067644214 0.430743929893 0.46610264295 0.449819025095 0.276949863151 0.271323911738 0.273914810415 0.0525682645881 14.0 -0.801571331434 0.332316353452 2.58914362631 -0.527799352118 1.25529925781 0.44 -2.12448980268 0.503456739792 -1.25335411105 0.44 -0.0631338714819 1.49932527398 -1.48283330809 0.44 0.0803233907069 0.784833732474 -0.0945534138129 1.16101901091 3.95830828613 0.227844017464 5.72583541709 37.2892482475 27.1799000537 
100 0.54633397704 0.563852846738 0.514781745763 0.537380279107 0.471840163955 0.490616624306 0.439581412618 0.463084470632 0.594518571429 0.60046274327 0.597725295712 2.75347296607 14.0 -1.49044295195 4.94171883518 5.30923726004 2.72256733473 -0.993432776646 0.44 -1.58825217991 1.26609300802 -1.08982495074 0.44 -0.721082825971 0.221603337993 -1.30710553695 0.44 -1.31008508995 0.0401524876344 -0.0717865606328 1.3687937238 3.37738956538 3.40503574153 11.9967684596 15.1525776307 2.36933700774 
101 0.178749964901 0.190996606125 0.0968973150187 0.14023251487 0.347246522599 0.332830909678 0.369888106479 0.352822292163 0.336855011985 0.336219856279 0.336512362196 0.636323187713 14.0 -2.41534917039 -1.56886453647 3.66358658039 -2.10909224357 3.30134040567 0.44 -1.07140040022 1.86386179559 -1.44076183488 0.44 -0.315657666711 0.484969662256 -0.425339254281 0.44 -0.948150214217 0.554514975278 0.333232737211 2.90751842726 1.00794191729 2.98635645164 34.6042119941 1.67131490281 20.0544625103 
102 0.386820101358 0.364883204677 0.422604028698 0.396022070267 0.458156990791 0.437211980179 0.49080054436 0.466121600329 0.301456425558 0.300160146682 0.300757117217 1.46283143549 14.0 4.1144379766 -1.21412402715 2.18139491324 5.88001760467 -0.796143195927 0.44 -1.26257385614 2.02610197352 -0.345903529001 0.44 -0.637154481986 1.88577020629 -0.404791172099 0.44 -0.891906200382 0.442449323159 0.485568086079 0.937256887488 1.57387111726 0.519804722885 30.8656841247 39.1357761283 24.1305155276 
103 0.372344854052 0.356377593582 0.402969511746 0.381512707328 0.442162171272 0.464223455628 0.406872553275 0.433284153043 0.354960410367 0.3459978851 0.350125363841 0.474284395959 14.0 -4.30092760833 -0.365400807952 1.00385774146 -1.13647001316 0.808521281885 0.44 -0.556003433494 2.55067367554 -0.364009458573 0.44 -0.621697023157 0.220946602134 -0.594044262097 0.44 -0.0407450812611 0.762079053383 0.0745282707341 0.545991959871 1.08454396254 1.64125275675 38.2269080694 24.9729319941 12.0889939325 
