MF_LM：
k = 100

csf=10%
1.052384, 1.052923, 1.051336, 1.052516, 1.052437, 1.051748, 1.051716, 1.051943, 1.051933, 1.052302
1.0521, 0.0004

csf=20%
1.055523, 1.057007, 1.056570, 1.056166, 1.056492
1.0564, 0.0005

csf=30%
1.061621, 1.062834, 1.062475, 1.062715, 1.063017
1.0625, 0.0005

MF_MLP:
k = 100

csf=10%
1.048026, 1.049254, 1.048722, 1.048975, 1.048124
1.0486, 0.0005

csf=20%
1.054577, 1.053018, 1.053592, 1.053174, 1.053572
1.0536, 0.0005

csf=30%
1.061482, 1.060869, 1.060245, 1.059016, 1.060832
1.0605, 0.0008

csf=40%
1.060393, 1.060090, 1.060065, 1.059434, 1.059966
1.0600, 0.0003

csf=50%
1.060523, 1.060604, 1.059998, 1.060045, 1.060578
1.0603, 0.0003

BPR_LM:
k=100

csf=10%
0.561728, 0.576446, 0.575203, 0.550936, 0.567850, 0.557411, 0.545455, 0.553061, 0.547521, 0.574153
0.5610, 0.0112

csf=20%
0.553571, 0.544732, 0.550296, 0.562376, 0.557769, 0.556000, 0.543086, 0.549801, 0.562000, 0.579365
0.5559, 0.0100

csf=30%
0.548134, 0.560784, 0.553816, 0.544379, 0.547244, 0.558416, 0.560158, 0.549020, 0.549213, 0.562130
0.5533, 0.0062

csf=40%
0.557730, 0.549902, 0.555992, 0.564453, 0.590196, 0.561644, 0.579256, 0.554688, 0.544031, 0.560547
0.5618, 0.0130

csf=50%
0.542969, 0.564453, 0.547945, 0.554688, 0.557957, 0.565815, 0.556641, 0.554688, 0.546875, 0.560547
0.5553, 0.0071

BPR_MLP:
k =100

csf=10%
0.578288, 0.565489, 0.574380, 0.556701, 0.563674, 0.570539, 0.564155, 0.594990, 0.569358, 0.543388
0.5681, 0.0129

csf=20%
0.567729, 0.558882, 0.544910, 0.566600, 0.554000, 0.556660, 0.570000, 0.546906, 0.563126, 0.562000
0.5590, 0.0081

csf=30%
0.548323, 0.558594, 0.553360, 0.569472, 0.565558, 0.544031, 0.568047, 0.577075, 0.545455, 0.549902
0.5580, 0.0109

csf=40%
0.568359, 0.574219, 0.564706, 0.570312, 0.568627, 0.549902, 0.572549, 0.549020, 0.557730, 0.551859
0.5627, 0.0092

csf=50%
0.555773, 0.556641, 0.568359, 0.553816, 0.570588, 0.552734, 0.558594, 0.564453, 0.556641, 0.564453
0.5602, 0.0060