3.850730061531067
8.401579163968563
6.742915824055672
3.474061697721481
7.390814363956451
7.198656931519508
-2.229379951953888
5.774473190307617
6.167569339275360
7.025345444679260
10.129294037818909
8.132334351539612
7.153435826301575
7.436695754528046
4.908596813678741
-0.931741386651993
3.452070839703083
-0.497037351131439
13.672443807125092
2.641382813453674
9.940381243824959
11.433891117572784
9.287816479802132
13.796125948429108
7.354455843567848
10.606357172131538
7.238751590251923
8.172759771347046
8.188173949718475
12.313929095864296
6.365285217761993
8.369840085506439
6.493700325489044
7.941831707954407
5.179508060216904
11.899170652031898
9.250043183565140
20.627203822135925
6.423621565103531
11.264753222465515
7.818025708198547
3.882130533456802
2.316262722015381
11.268335968255997
-3.318008840084076
4.068451300263405
-0.425703108310699
-0.722106277942657
2.946912586688995
-1.849437147378922
7.495253562927246
1.237852364778519
-0.419667780399323
-0.541628748178482
-7.333393663167953
9.013469941914082
8.044280230998993
2.988332927227020
-0.202668130397797
5.388672050088644
5.088824160397053
4.698459923267365
8.382935598492622
11.027639567852020
9.426452636718750
11.565626218914986
1.495697677135468
4.905541896820068
5.020635724067688
2.114679455757141
3.429827809333801
1.188145786523819
9.439385786652565
6.633666910231113
3.694845743477345
3.262921631336212
5.399711921811104
4.549595266580582
-0.005638480186462
2.073726415634155
6.753940537571907
14.077745258808136
1.076183944940567
6.492018282413483
0.807791031897068
2.845994949340820
-1.849348068237305
1.523054182529449
8.363322332501411
4.943354725837708
8.767844557762146
8.113427277654409
5.496225535869598
3.449295639991760
7.895563066005707
6.997608840465546
7.574993908405304
4.667919680476189
7.387662649154663
14.123411476612091
12.275228567421436
4.078821837902069
6.549996316432953
3.799792349338531
9.679677307605743
-0.217411153018475
2.356991678476334
3.972064852714539
-0.368716061115265
3.465182542800903
2.502501070499420
3.080111883580685
3.148295715451241
5.098178990185261
1.678705513477325
4.327089503407478
5.839299917221069
6.671607270836830
4.599323824048042
6.160350322723389
6.832623191177845
4.714207902550697
5.583603814244270
-1.799215577542782
9.103691935539246
4.772486329078674
4.102560162544250
12.670691668987274
4.974971950054169
1.543598838150501
4.916793540120125
7.176591396331787
6.026008248329163
6.407805085182190
6.385774150490761
9.798942767083645
